 
       ==============================================
       |                 P T B                      |
       |                S.Grimme                    |
       |          Universitaet Bonn, MCTC           |
       ==============================================
       Version 3.7, Do 28. Apr 14:28:45 CEST 2022
 
       Cite work conducted with this code as
       S. Grimme, M. Mueller, A. Hansen, unpublished.
 
 filter  1.000000000000000E-006
 ../../../../.atompara                                                                                                                                                                                                                                           
          =========================
          reading ... ../../../../systems/eugenol_cluster.xyz
          =========================
 basis read done.
 ncao                   3648
 nsao                   3456
 npr                    9600
 basis setup done. Ndim                  3456
 coreat                    192
 cncao                     192
 cnsao                     192
 cnpr                     1152
 
 nalpha                    512
 nbeta                     512
 ntotal                   1024
 nopen                       0
cpu  time for startup and initial S    0.92 s
wall time for startup and initial S    1.00 s
               -----------------------
               |      PTB  model      |
               | SG, MM, AH 2020-2022 |
               -----------------------
 prop :                     1
 PA setup with Mull-Loew partitioning   0.333333 ...
 done.
EEQ done. sum q :    0.000
    atom   Zeff  qEEQ  mod   srCN   noHCN   CN(EEQ)
    1    8  6.0    -0.008   2.129   0.316   1.992
    2    8  6.0    -0.044   2.107   0.211   1.991
    3    6  4.0    -0.040   3.727   0.298   3.026
    4    6  4.0    -0.029   3.855   0.135   3.989
    5    6  4.0    -0.070   3.750   0.237   3.032
    6    6  4.0    -0.043   3.739   0.399   3.045
    7    6  4.0    -0.072   3.447   0.240   3.033
    8    6  4.0    -0.043   3.638   0.400   3.031
    9    6  4.0    -0.074   3.409   0.242   3.024
   10    6  4.0    -0.089   3.071   0.228   2.993
   11    6  4.0    -0.077   3.489   0.154   3.996
   12    6  4.0    -0.120   2.877   0.167   2.994
   13    1  1.0     0.055   0.942   0.003   0.993
   14    1  1.0     0.047   0.938   0.003   0.993
   15    1  1.0     0.067   0.937   0.003   0.995
   16    1  1.0     0.060   0.919   0.003   0.995
   17    1  1.0     0.058   0.916   0.003   0.995
   18    1  1.0     0.078   0.931   0.003   0.995
   19    1  1.0     0.050   0.794   0.003   0.994
   20    1  1.0     0.048   0.796   0.003   0.994
   21    1  1.0     0.042   0.802   0.003   0.994
   22    1  1.0     0.054   0.992   0.040   0.994
   23    1  1.0     0.069   0.853   0.003   0.995
   24    1  1.0     0.073   0.864   0.003   0.995
   25    8  6.0    -0.006   2.120   0.320   1.993
   26    8  6.0    -0.037   2.140   0.215   1.991
   27    6  4.0    -0.040   3.751   0.298   3.028
   28    6  4.0    -0.029   3.813   0.133   3.988
   29    6  4.0    -0.070   3.672   0.237   3.031
   30    6  4.0    -0.039   3.677   0.397   3.045
   31    6  4.0    -0.069   3.516   0.242   3.033
   32    6  4.0    -0.040   3.574   0.404   3.029
   33    6  4.0    -0.070   3.479   0.242   3.027
   34    6  4.0    -0.087   3.030   0.227   2.994
   35    6  4.0    -0.078   3.433   0.158   3.995
   36    6  4.0    -0.120   2.882   0.167   2.994
   37    1  1.0     0.040   0.915   0.003   0.993
   38    1  1.0     0.050   0.921   0.003   0.993
   39    1  1.0     0.060   0.932   0.003   0.995
   40    1  1.0     0.075   0.949   0.003   0.995
   41    1  1.0     0.065   0.921   0.003   0.995
   42    1  1.0     0.066   0.923   0.003   0.995
   43    1  1.0     0.040   0.802   0.003   0.994
   44    1  1.0     0.042   0.795   0.003   0.993
   45    1  1.0     0.041   0.791   0.003   0.993
   46    1  1.0     0.060   1.004   0.039   0.993
   47    1  1.0     0.070   0.858   0.003   0.995
   48    1  1.0     0.074   0.865   0.003   0.995
   49    8  6.0    -0.001   2.214   0.316   1.992
   50    8  6.0    -0.040   2.110   0.211   1.991
   51    6  4.0    -0.034   3.698   0.297   3.029
   52    6  4.0    -0.028   3.868   0.135   3.991
   53    6  4.0    -0.062   3.735   0.239   3.032
   54    6  4.0    -0.032   3.847   0.398   3.050
   55    6  4.0    -0.066   3.533   0.240   3.033
   56    6  4.0    -0.036   3.679   0.402   3.031
   57    6  4.0    -0.069   3.442   0.243   3.026
   58    6  4.0    -0.092   3.063   0.230   2.995
   59    6  4.0    -0.075   3.610   0.156   3.998
   60    6  4.0    -0.125   2.712   0.167   2.995
   61    1  1.0     0.043   0.928   0.003   0.993
   62    1  1.0     0.055   0.940   0.003   0.994
   63    1  1.0     0.068   0.935   0.003   0.995
   64    1  1.0     0.066   0.929   0.003   0.995
   65    1  1.0     0.060   0.916   0.003   0.995
   66    1  1.0     0.064   0.916   0.003   0.995
   67    1  1.0     0.053   0.808   0.003   0.994
   68    1  1.0     0.057   0.814   0.003   0.994
   69    1  1.0     0.057   0.799   0.003   0.993
   70    1  1.0     0.058   1.006   0.040   0.993
   71    1  1.0     0.061   0.846   0.003   0.995
   72    1  1.0     0.064   0.855   0.003   0.995
   73    8  6.0    -0.009   2.191   0.315   1.992
   74    8  6.0    -0.033   2.034   0.222   1.992
   75    6  4.0    -0.038   3.693   0.297   3.031
   76    6  4.0    -0.030   3.817   0.132   3.989
   77    6  4.0    -0.069   3.718   0.238   3.031
   78    6  4.0    -0.038   3.738   0.394   3.045
   79    6  4.0    -0.065   3.534   0.242   3.032
   80    6  4.0    -0.036   3.632   0.410   3.027
   81    6  4.0    -0.065   3.501   0.241   3.027
   82    6  4.0    -0.089   3.040   0.229   2.997
   83    6  4.0    -0.078   3.439   0.156   3.993
   84    6  4.0    -0.124   2.736   0.167   2.995
   85    1  1.0     0.041   0.911   0.003   0.993
   86    1  1.0     0.044   0.931   0.003   0.994
   87    1  1.0     0.059   0.936   0.003   0.995
   88    1  1.0     0.068   0.925   0.003   0.995
   89    1  1.0     0.069   0.919   0.003   0.995
   90    1  1.0     0.061   0.915   0.003   0.995
   91    1  1.0     0.039   0.792   0.003   0.993
   92    1  1.0     0.041   0.788   0.002   0.993
   93    1  1.0     0.039   0.802   0.003   0.994
   94    1  1.0     0.056   1.019   0.038   0.993
   95    1  1.0     0.061   0.847   0.003   0.995
   96    1  1.0     0.064   0.853   0.003   0.995
   97    8  6.0    -0.005   2.150   0.319   1.993
   98    8  6.0    -0.037   2.194   0.214   1.992
   99    6  4.0    -0.037   3.704   0.297   3.033
  100    6  4.0    -0.028   3.839   0.134   3.990
  101    6  4.0    -0.065   3.775   0.238   3.032
  102    6  4.0    -0.035   3.813   0.399   3.046
  103    6  4.0    -0.066   3.501   0.241   3.033
  104    6  4.0    -0.035   3.718   0.403   3.032
  105    6  4.0    -0.067   3.470   0.243   3.025
  106    6  4.0    -0.089   3.080   0.229   2.998
  107    6  4.0    -0.077   3.451   0.157   3.996
  108    6  4.0    -0.125   2.708   0.167   2.995
  109    1  1.0     0.048   0.925   0.003   0.994
  110    1  1.0     0.045   0.921   0.003   0.994
  111    1  1.0     0.065   0.936   0.003   0.995
  112    1  1.0     0.069   0.926   0.003   0.995
  113    1  1.0     0.065   0.918   0.003   0.995
  114    1  1.0     0.076   0.927   0.003   0.995
  115    1  1.0     0.038   0.803   0.003   0.994
  116    1  1.0     0.047   0.798   0.003   0.993
  117    1  1.0     0.039   0.791   0.003   0.993
  118    1  1.0     0.055   0.977   0.041   0.994
  119    1  1.0     0.061   0.846   0.003   0.995
  120    1  1.0     0.062   0.852   0.003   0.995
  121    8  6.0    -0.014   2.187   0.302   1.989
  122    8  6.0    -0.039   2.135   0.215   1.991
  123    6  4.0    -0.040   3.671   0.298   3.030
  124    6  4.0    -0.029   3.825   0.134   3.989
  125    6  4.0    -0.069   3.695   0.239   3.032
  126    6  4.0    -0.041   3.687   0.389   3.043
  127    6  4.0    -0.064   3.567   0.243   3.033
  128    6  4.0    -0.041   3.593   0.404   3.028
  129    6  4.0    -0.067   3.487   0.242   3.028
  130    6  4.0    -0.092   3.086   0.229   2.996
  131    6  4.0    -0.079   3.481   0.150   3.991
  132    6  4.0    -0.126   2.722   0.167   2.994
  133    1  1.0     0.045   0.915   0.003   0.993
  134    1  1.0     0.049   0.924   0.003   0.993
  135    1  1.0     0.065   0.938   0.003   0.995
  136    1  1.0     0.073   0.936   0.003   0.995
  137    1  1.0     0.073   0.926   0.003   0.995
  138    1  1.0     0.065   0.924   0.003   0.995
  139    1  1.0     0.043   0.792   0.003   0.993
  140    1  1.0     0.044   0.793   0.003   0.994
  141    1  1.0     0.039   0.800   0.003   0.994
  142    1  1.0     0.059   1.020   0.038   0.993
  143    1  1.0     0.058   0.847   0.003   0.995
  144    1  1.0     0.060   0.851   0.003   0.995
  145    8  6.0    -0.010   2.213   0.312   1.991
  146    8  6.0    -0.035   2.002   0.220   1.992
  147    6  4.0    -0.040   3.664   0.297   3.032
  148    6  4.0    -0.029   3.816   0.133   3.990
  149    6  4.0    -0.071   3.651   0.238   3.030
  150    6  4.0    -0.041   3.674   0.391   3.044
  151    6  4.0    -0.069   3.480   0.241   3.032
  152    6  4.0    -0.041   3.554   0.406   3.027
  153    6  4.0    -0.070   3.399   0.241   3.027
  154    6  4.0    -0.089   3.030   0.228   2.997
  155    6  4.0    -0.078   3.447   0.156   3.992
  156    6  4.0    -0.124   2.726   0.167   2.995
  157    1  1.0     0.044   0.920   0.003   0.993
  158    1  1.0     0.044   0.922   0.003   0.994
  159    1  1.0     0.060   0.932   0.003   0.995
  160    1  1.0     0.065   0.926   0.003   0.995
  161    1  1.0     0.064   0.918   0.003   0.995
  162    1  1.0     0.068   0.918   0.003   0.995
  163    1  1.0     0.041   0.793   0.003   0.993
  164    1  1.0     0.042   0.792   0.003   0.993
  165    1  1.0     0.043   0.802   0.003   0.994
  166    1  1.0     0.057   1.017   0.039   0.993
  167    1  1.0     0.063   0.848   0.003   0.995
  168    1  1.0     0.062   0.852   0.003   0.995
  169    8  6.0    -0.004   2.058   0.323   1.994
  170    8  6.0    -0.036   2.056   0.213   1.991
  171    6  4.0    -0.041   3.656   0.299   3.028
  172    6  4.0    -0.030   3.815   0.133   3.989
  173    6  4.0    -0.070   3.611   0.236   3.038
  174    6  4.0    -0.039   3.638   0.398   3.038
  175    6  4.0    -0.067   3.530   0.242   3.032
  176    6  4.0    -0.039   3.572   0.398   3.023
  177    6  4.0    -0.068   3.503   0.240   3.030
  178    6  4.0    -0.090   3.037   0.228   2.997
  179    6  4.0    -0.077   3.473   0.154   3.989
  180    6  4.0    -0.125   2.754   0.167   2.994
  181    1  1.0     0.048   0.924   0.003   0.994
  182    1  1.0     0.043   0.923   0.003   0.993
  183    1  1.0     0.063   0.927   0.003   0.995
  184    1  1.0     0.067   0.919   0.003   0.995
  185    1  1.0     0.072   0.941   0.003   0.995
  186    1  1.0     0.068   0.917   0.003   0.995
  187    1  1.0     0.044   0.793   0.003   0.994
  188    1  1.0     0.038   0.802   0.003   0.994
  189    1  1.0     0.048   0.800   0.003   0.994
  190    1  1.0     0.055   0.999   0.039   0.993
  191    1  1.0     0.061   0.848   0.003   0.995
  192    1  1.0     0.063   0.850   0.003   0.995
  193    8  6.0    -0.007   2.150   0.317   1.992
  194    8  6.0    -0.037   2.053   0.217   1.991
  195    6  4.0    -0.038   3.693   0.297   3.033
  196    6  4.0    -0.029   3.820   0.133   3.990
  197    6  4.0    -0.068   3.681   0.238   3.031
  198    6  4.0    -0.039   3.675   0.395   3.045
  199    6  4.0    -0.070   3.489   0.241   3.031
  200    6  4.0    -0.040   3.560   0.406   3.028
  201    6  4.0    -0.071   3.434   0.241   3.026
  202    6  4.0    -0.086   3.092   0.229   2.999
  203    6  4.0    -0.078   3.456   0.156   3.995
  204    6  4.0    -0.119   2.756   0.168   2.995
  205    1  1.0     0.044   0.923   0.003   0.994
  206    1  1.0     0.043   0.919   0.003   0.993
  207    1  1.0     0.062   0.936   0.003   0.995
  208    1  1.0     0.064   0.924   0.003   0.995
  209    1  1.0     0.068   0.918   0.003   0.995
  210    1  1.0     0.072   0.921   0.003   0.995
  211    1  1.0     0.043   0.797   0.003   0.993
  212    1  1.0     0.042   0.791   0.003   0.993
  213    1  1.0     0.039   0.803   0.003   0.994
  214    1  1.0     0.056   1.032   0.038   0.992
  215    1  1.0     0.069   0.848   0.003   0.995
  216    1  1.0     0.064   0.851   0.003   0.995
  217    8  6.0    -0.010   2.052   0.303   1.989
  218    8  6.0    -0.037   2.045   0.220   1.992
  219    6  4.0    -0.037   3.730   0.299   3.027
  220    6  4.0    -0.028   3.806   0.133   3.988
  221    6  4.0    -0.068   3.595   0.239   3.033
  222    6  4.0    -0.037   3.712   0.389   3.059
  223    6  4.0    -0.065   3.518   0.242   3.033
  224    6  4.0    -0.039   3.601   0.408   3.027
  225    6  4.0    -0.067   3.429   0.241   3.027
  226    6  4.0    -0.088   3.003   0.228   2.994
  227    6  4.0    -0.076   3.432   0.150   4.007
  228    6  4.0    -0.119   2.873   0.168   2.994
  229    1  1.0     0.042   0.919   0.003   0.993
  230    1  1.0     0.046   0.920   0.003   0.993
  231    1  1.0     0.064   0.922   0.003   0.995
  232    1  1.0     0.080   0.934   0.003   0.995
  233    1  1.0     0.067   0.917   0.003   0.995
  234    1  1.0     0.058   0.914   0.003   0.995
  235    1  1.0     0.053   0.798   0.003   0.993
  236    1  1.0     0.042   0.798   0.003   0.994
  237    1  1.0     0.044   0.789   0.002   0.993
  238    1  1.0     0.053   1.029   0.039   0.993
  239    1  1.0     0.063   0.849   0.003   0.995
  240    1  1.0     0.088   0.872   0.003   0.995
  241    8  6.0    -0.009   2.216   0.313   1.991
  242    8  6.0    -0.037   2.016   0.219   1.992
  243    6  4.0    -0.038   3.734   0.298   3.028
  244    6  4.0    -0.029   3.816   0.133   3.988
  245    6  4.0    -0.070   3.667   0.238   3.031
  246    6  4.0    -0.041   3.685   0.393   3.043
  247    6  4.0    -0.067   3.510   0.241   3.032
  248    6  4.0    -0.040   3.574   0.406   3.028
  249    6  4.0    -0.068   3.482   0.241   3.027
  250    6  4.0    -0.091   3.001   0.228   2.993
  251    6  4.0    -0.078   3.433   0.156   3.992
  252    6  4.0    -0.120   2.871   0.168   2.994
  253    1  1.0     0.045   0.923   0.003   0.993
  254    1  1.0     0.041   0.919   0.003   0.993
  255    1  1.0     0.060   0.933   0.003   0.995
  256    1  1.0     0.073   0.927   0.003   0.995
  257    1  1.0     0.073   0.936   0.003   0.995
  258    1  1.0     0.057   0.914   0.003   0.995
  259    1  1.0     0.043   0.792   0.003   0.993
  260    1  1.0     0.042   0.802   0.003   0.994
  261    1  1.0     0.040   0.791   0.003   0.993
  262    1  1.0     0.056   1.011   0.039   0.993
  263    1  1.0     0.064   0.850   0.003   0.995
  264    1  1.0     0.088   0.872   0.003   0.995
  265    8  6.0    -0.006   2.058   0.320   1.993
  266    8  6.0    -0.038   2.060   0.213   1.991
  267    6  4.0    -0.039   3.666   0.299   3.029
  268    6  4.0    -0.029   3.819   0.133   3.989
  269    6  4.0    -0.070   3.602   0.236   3.037
  270    6  4.0    -0.040   3.642   0.396   3.038
  271    6  4.0    -0.066   3.545   0.242   3.032
  272    6  4.0    -0.041   3.575   0.398   3.024
  273    6  4.0    -0.070   3.445   0.241   3.030
  274    6  4.0    -0.088   3.044   0.229   2.997
  275    6  4.0    -0.077   3.467   0.155   3.990
  276    6  4.0    -0.122   2.735   0.167   2.995
  277    1  1.0     0.043   0.918   0.003   0.994
  278    1  1.0     0.051   0.923   0.003   0.993
  279    1  1.0     0.062   0.926   0.003   0.995
  280    1  1.0     0.077   0.931   0.003   0.995
  281    1  1.0     0.066   0.937   0.003   0.995
  282    1  1.0     0.067   0.915   0.003   0.995
  283    1  1.0     0.042   0.793   0.003   0.993
  284    1  1.0     0.045   0.794   0.003   0.994
  285    1  1.0     0.038   0.802   0.003   0.994
  286    1  1.0     0.053   0.988   0.040   0.993
  287    1  1.0     0.064   0.847   0.003   0.995
  288    1  1.0     0.070   0.856   0.003   0.995
  289    8  6.0    -0.009   2.114   0.314   1.992
  290    8  6.0    -0.035   1.985   0.218   1.992
  291    6  4.0    -0.037   3.716   0.297   3.032
  292    6  4.0    -0.029   3.861   0.133   3.990
  293    6  4.0    -0.070   3.706   0.238   3.031
  294    6  4.0    -0.040   3.703   0.396   3.046
  295    6  4.0    -0.066   3.507   0.241   3.032
  296    6  4.0    -0.039   3.584   0.405   3.030
  297    6  4.0    -0.068   3.382   0.242   3.026
  298    6  4.0    -0.089   3.023   0.229   2.998
  299    6  4.0    -0.078   3.445   0.154   3.994
  300    6  4.0    -0.123   2.731   0.167   2.995
  301    1  1.0     0.055   0.921   0.003   0.993
  302    1  1.0     0.049   0.926   0.003   0.994
  303    1  1.0     0.062   0.940   0.003   0.995
  304    1  1.0     0.068   0.920   0.003   0.995
  305    1  1.0     0.064   0.916   0.003   0.995
  306    1  1.0     0.068   0.918   0.003   0.995
  307    1  1.0     0.043   0.795   0.003   0.994
  308    1  1.0     0.040   0.801   0.003   0.994
  309    1  1.0     0.041   0.792   0.003   0.993
  310    1  1.0     0.054   0.991   0.042   0.994
  311    1  1.0     0.065   0.847   0.003   0.995
  312    1  1.0     0.066   0.853   0.003   0.995
  313    8  6.0    -0.003   2.057   0.320   1.993
  314    8  6.0    -0.037   2.090   0.213   1.991
  315    6  4.0    -0.032   3.726   0.300   3.032
  316    6  4.0    -0.028   3.846   0.134   3.990
  317    6  4.0    -0.060   3.749   0.238   3.039
  318    6  4.0    -0.034   3.699   0.400   3.041
  319    6  4.0    -0.065   3.478   0.243   3.031
  320    6  4.0    -0.037   3.615   0.398   3.026
  321    6  4.0    -0.067   3.467   0.241   3.030
  322    6  4.0    -0.089   3.030   0.230   2.998
  323    6  4.0    -0.077   3.469   0.154   3.991
  324    6  4.0    -0.123   2.717   0.167   2.995
  325    1  1.0     0.044   0.919   0.003   0.993
  326    1  1.0     0.051   0.928   0.003   0.994
  327    1  1.0     0.075   0.941   0.003   0.995
  328    1  1.0     0.064   0.917   0.003   0.995
  329    1  1.0     0.065   0.918   0.003   0.995
  330    1  1.0     0.067   0.916   0.003   0.995
  331    1  1.0     0.048   0.793   0.003   0.993
  332    1  1.0     0.038   0.801   0.003   0.994
  333    1  1.0     0.045   0.796   0.003   0.994
  334    1  1.0     0.052   1.015   0.040   0.994
  335    1  1.0     0.062   0.848   0.003   0.995
  336    1  1.0     0.062   0.852   0.003   0.995
  337    8  6.0    -0.008   2.134   0.313   1.992
  338    8  6.0    -0.035   2.076   0.218   1.991
  339    6  4.0    -0.040   3.652   0.299   3.028
  340    6  4.0    -0.029   3.813   0.133   3.989
  341    6  4.0    -0.067   3.703   0.237   3.038
  342    6  4.0    -0.040   3.654   0.393   3.038
  343    6  4.0    -0.069   3.459   0.242   3.031
  344    6  4.0    -0.041   3.569   0.403   3.023
  345    6  4.0    -0.069   3.440   0.239   3.030
  346    6  4.0    -0.089   3.070   0.229   2.996
  347    6  4.0    -0.077   3.465   0.152   3.988
  348    6  4.0    -0.125   2.752   0.167   2.994
  349    1  1.0     0.049   0.924   0.003   0.993
  350    1  1.0     0.046   0.916   0.003   0.993
  351    1  1.0     0.071   0.942   0.003   0.995
  352    1  1.0     0.069   0.925   0.003   0.995
  353    1  1.0     0.072   0.932   0.003   0.995
  354    1  1.0     0.068   0.921   0.003   0.995
  355    1  1.0     0.041   0.801   0.003   0.994
  356    1  1.0     0.050   0.797   0.003   0.994
  357    1  1.0     0.046   0.793   0.003   0.994
  358    1  1.0     0.055   1.015   0.039   0.993
  359    1  1.0     0.065   0.849   0.003   0.995
  360    1  1.0     0.060   0.850   0.003   0.995
  361    8  6.0     0.003   2.172   0.320   1.993
  362    8  6.0    -0.035   1.994   0.221   1.993
  363    6  4.0    -0.040   3.704   0.296   3.032
  364    6  4.0    -0.030   3.881   0.133   3.990
  365    6  4.0    -0.070   3.710   0.237   3.029
  366    6  4.0    -0.036   3.772   0.398   3.048
  367    6  4.0    -0.069   3.458   0.241   3.032
  368    6  4.0    -0.039   3.607   0.407   3.030
  369    6  4.0    -0.070   3.365   0.242   3.025
  370    6  4.0    -0.087   3.067   0.229   2.998
  371    6  4.0    -0.075   3.551   0.157   3.997
  372    6  4.0    -0.123   2.734   0.168   2.995
  373    1  1.0     0.059   0.935   0.003   0.994
  374    1  1.0     0.053   0.937   0.003   0.994
  375    1  1.0     0.072   0.934   0.003   0.995
  376    1  1.0     0.064   0.920   0.003   0.995
  377    1  1.0     0.063   0.916   0.003   0.995
  378    1  1.0     0.067   0.920   0.003   0.995
  379    1  1.0     0.058   0.818   0.003   0.994
  380    1  1.0     0.050   0.801   0.003   0.993
  381    1  1.0     0.054   0.807   0.003   0.993
  382    1  1.0     0.057   0.998   0.041   0.994
  383    1  1.0     0.062   0.848   0.003   0.995
  384    1  1.0     0.071   0.860   0.003   0.995
 computing Vecp ...
 PTB H matrix iteration                      1  done. Now solving ...
 S before filtering:
   dimension                                    3456
   nonzero elements                          2388208
   sparsity                     0.199951506772977     
   average elements per column                   691
 S after filtering:
   dimension                                    3456
   nonzero elements                          1573562
   sparsity                     0.131745682495285     
   average elements per column                   455
 H before filtering:
   dimension                                    3456
   nonzero elements                          6025786
   sparsity                     0.504505884827246     
   average elements per column                  1743
 H after filtering:
   dimension                                    3456
   nonzero elements                          3611778
   sparsity                     0.302394286104681     
   average elements per column                  1045

Total solve2                                   1.776230097 sec
* sygvd solver                                 1.623843908 sec

nel: 1024, nel_calc:      1024.00000000
 nel in P=   1024.00000000000      required nel=                  1024
 idempotency deviation  3.755662705199996E-013  9.999999747378752E-005
 Stupid simple implementation of the submatrix method:                     3                     2
 number of submatrices=                     1
 average sm dim=                  3456
 effort for full matrix ops=   702157169.291010     
 sums of efforts for submatrices=   702157169.291010     
 ratio   1.00000000000000     
 sm                     1                  3456   1.51444911956787     
 muiter                     1 mu  0.000000000000000E+000   2976.00000000000      of                  1024
 muiter                     2 mu  -5.00000000000000       0.000000000000000E+000 of                  1024
 muiter                     3 mu  -2.50000000000000        462.000000000000      of                  1024
 muiter                     4 mu  -1.25000000000000        1224.00000000000      of                  1024
 muiter                     5 mu  -1.87500000000000        1024.00000000000      of                  1024
 iteration of chemical potential converged
 final iteration to get density matrix

Submatrix                                      2.380187988 sec
* alloc                                        0.099401951 sec
* submatrix combination                        0.000023842 sec
* submatrix stats                              0.000169039 sec
* mu iter                                      2.247569084 sec
* submatrix construction                       0.239897966 sec
* submatrix matrix function                    1.745232105 sec
* submatrix eigendecomp                        1.578551054 sec
* submatrix fe                                 0.166599989 sec
* submatrix occ                                0.000121117 sec
* submatrix Nel                                0.000027180 sec
* submatrix final iter                         0.220927954 sec
* submatrix dealloc                            0.032895088 sec
*                                              0.000000000 sec
*                                              0.000000000 sec
*                                              0.000000000 sec
*                                              0.000000000 sec
*                                              0.000000000 sec
*                                              0.000000000 sec
*                                              0.000000000 sec
*                                              0.000000000 sec

 first elements Pref   1.32369308641198       0.446878757550844       0.199175177469723       0.119033425035613       0.108268984622603        1.13380781334352       0.231774583036603       0.217686478064473      -9.611234751792407E-002   1.00020207155362     
 first elements P      1.32369308641198       0.446878757550844       0.199175177469723       0.119033425035613       0.108268984622603        1.13380781334352       0.231774583036603       0.217686478064473      -9.611234751792407E-002   1.00020207155362     
 Sparsity of Pref:
   dimension                                    3456
   nonzero elements                          5967612
   sparsity                     0.499635296103395     
   average elements per column                  1726
 Sparsity of P:
   dimension                                    3456
   nonzero elements                          5967612
   sparsity                     0.499635296103395     
   average elements per column                  1726
 maximal deviation in density matrix  0.000000000000000E+000                     1   1.32369308641198        1.32369308641198     
 MSE of density matrix  0.000000000000000E+000
 Tr(H Pref)=  -2734.37870493434     
 Tr(H P)=  -2734.37870493434     
 energy deviation abs(Tr(H P)-Tr(H Pref))=  0.000000000000000E+000
 energy deviation per atom abs(Tr(H P)-Tr(H Pref))/n=  0.000000000000000E+000
nel: 1024, nel_calc:      1024.00000000
 nel in P=   1024.00000000000      required nel=                  1024
 idempotency deviation  3.755662705199996E-013  9.999999747378752E-005
 PTB H matrix iteration                      2  done. Now solving ...
 S before filtering:
   dimension                                    3456
   nonzero elements                          1573562
   sparsity                     0.131745682495285     
   average elements per column                   455
 S after filtering:
   dimension                                    3456
   nonzero elements                          1573562
   sparsity                     0.131745682495285     
   average elements per column                   455
 H before filtering:
   dimension                                    3456
   nonzero elements                          5890912
   sparsity                     0.493213627400549     
   average elements per column                  1704
 H after filtering:
   dimension                                    3456
   nonzero elements                          3345590
   sparsity                     0.280107830450532     
   average elements per column                   968

Total solve2                                   1.731317997 sec
* sygvd solver                                 1.577076912 sec

nel: 1024, nel_calc:      1024.00000000
 nel in P=   1024.00000000000      required nel=                  1024
 idempotency deviation  6.481256910285602E-013  9.999999747378752E-005
 Stupid simple implementation of the submatrix method:                     3                     2
 number of submatrices=                     1
 average sm dim=                  3456
 effort for full matrix ops=   702157169.291010     
 sums of efforts for submatrices=   702157169.291010     
 ratio   1.00000000000000     
 sm                     1                  3456   1.55275797843933     
 muiter                     1 mu  0.000000000000000E+000   3062.00000000000      of                  1024
 muiter                     2 mu  -5.00000000000000       0.000000000000000E+000 of                  1024
 muiter                     3 mu  -2.50000000000000        214.000000000001      of                  1024
 muiter                     4 mu  -1.25000000000000        1198.00000000000      of                  1024
 muiter                     5 mu  -1.87500000000000        1024.00000000000      of                  1024
 iteration of chemical potential converged
 final iteration to get density matrix

Submatrix                                      2.401263952 sec
* alloc                                        0.098602772 sec
* submatrix combination                        0.000009060 sec
* submatrix stats                              0.000195980 sec
* mu iter                                      2.282741785 sec
* submatrix construction                       0.239578962 sec
* submatrix matrix function                    1.782740831 sec
* submatrix eigendecomp                        1.617393017 sec
* submatrix fe                                 0.165266991 sec
* submatrix occ                                0.000099897 sec
* submatrix Nel                                0.000025034 sec
* submatrix final iter                         0.220504045 sec
* submatrix dealloc                            0.019572973 sec
*                                              0.000000000 sec
*                                              0.000000000 sec
*                                              0.000000000 sec
*                                              0.000000000 sec
*                                              0.000000000 sec
*                                              0.000000000 sec
*                                              0.000000000 sec
*                                              0.000000000 sec

 first elements Pref   1.29623021535379       0.221651434329897       8.566044683690038E-002  0.121389132554026       0.105000316631408        1.11159211648423       0.239877188261835       0.209185839180454      -9.273116671490371E-002  0.985672041678178     
 first elements P      1.29623021535379       0.221651434329897       8.566044683690038E-002  0.121389132554026       0.105000316631408        1.11159211648423       0.239877188261835       0.209185839180454      -9.273116671490371E-002  0.985672041678178     
 Sparsity of Pref:
   dimension                                    3456
   nonzero elements                          5979844
   sparsity                     0.500659414116084     
   average elements per column                  1730
 Sparsity of P:
   dimension                                    3456
   nonzero elements                          5979844
   sparsity                     0.500659414116084     
   average elements per column                  1730
 maximal deviation in density matrix  0.000000000000000E+000                     1   1.29623021535379        1.29623021535379     
 MSE of density matrix  0.000000000000000E+000
 Tr(H Pref)=  -2337.97060060589     
 Tr(H P)=  -2337.97060060589     
 energy deviation abs(Tr(H P)-Tr(H Pref))=  0.000000000000000E+000
 energy deviation per atom abs(Tr(H P)-Tr(H Pref))/n=  0.000000000000000E+000
nel: 1024, nel_calc:      1024.00000000
 nel in P=   1024.00000000000      required nel=                  1024
 idempotency deviation  6.481256910285602E-013  9.999999747378752E-005
 frontier MO occupations   :   2.0000  2.0000  2.0000  2.0000  2.0000  2.0000  2.0000  2.0000  2.0000  2.0000  0.0000  0.0000
 (shifted) level energies  :  -0.3386 -0.3372 -0.3362 -0.3354 -0.3351 -0.3318 -0.3309 -0.3301 -0.3287 -0.3255  0.0443  0.0455
 gaps (1st,2nd, eV)        :     9.659   10.061
 D4 dispersion energy      :     -2.048031

     ------  PTB results ------
  # element  Z   pop.                shell populations
  1     O   6.0  6.0204       1.068  0.341  3.424  1.074  0.113
  2     O   6.0  5.9974       1.049  0.334  3.424  1.111  0.080
  3     C   4.0  4.0040       0.545  0.238  2.126  0.734  0.362
  4     C   4.0  4.0946       0.529  0.250  2.198  0.809  0.309
  5     C   4.0  4.0518       0.555  0.253  2.186  0.779  0.279
  6     C   4.0  4.0251       0.545  0.230  2.098  0.682  0.470
  7     C   4.0  4.0472       0.554  0.253  2.167  0.782  0.292
  8     C   4.0  4.0167       0.546  0.230  2.108  0.674  0.458
  9     C   4.0  4.0504       0.555  0.253  2.183  0.776  0.282
 10     C   4.0  4.0070       0.561  0.256  2.127  0.774  0.289
 11     C   4.0  4.0668       0.533  0.259  2.149  0.798  0.327
 12     C   4.0  4.0767       0.569  0.271  2.183  0.850  0.204
 13     H   1.0  0.9516       0.663  0.145  0.143
 14     H   1.0  0.9576       0.663  0.149  0.146
 15     H   1.0  0.9601       0.658  0.157  0.145
 16     H   1.0  0.9613       0.661  0.158  0.142
 17     H   1.0  0.9614       0.658  0.159  0.144
 18     H   1.0  0.9637       0.666  0.155  0.143
 19     H   1.0  0.9556       0.675  0.150  0.131
 20     H   1.0  0.9566       0.673  0.153  0.130
 21     H   1.0  0.9495       0.669  0.150  0.130
 22     H   1.0  0.9507       0.537  0.111  0.302
 23     H   1.0  0.9704       0.662  0.157  0.151
 24     H   1.0  0.9752       0.665  0.162  0.149
 25     O   6.0  6.0272       1.067  0.343  3.426  1.076  0.115
 26     O   6.0  6.0018       1.051  0.334  3.430  1.105  0.081
 27     C   4.0  4.0072       0.544  0.238  2.128  0.735  0.363
 28     C   4.0  4.1025       0.530  0.254  2.195  0.813  0.310
 29     C   4.0  4.0573       0.558  0.253  2.182  0.783  0.281
 30     C   4.0  4.0183       0.549  0.229  2.089  0.683  0.469
 31     C   4.0  4.0375       0.554  0.251  2.163  0.776  0.293
 32     C   4.0  4.0127       0.548  0.230  2.106  0.667  0.462
 33     C   4.0  4.0527       0.556  0.253  2.190  0.769  0.285
 34     C   4.0  4.0055       0.566  0.257  2.114  0.777  0.291
 35     C   4.0  4.0848       0.537  0.266  2.157  0.789  0.336
 36     C   4.0  4.0805       0.571  0.272  2.181  0.850  0.206
 37     H   1.0  0.9475       0.667  0.143  0.138
 38     H   1.0  0.9453       0.664  0.145  0.136
 39     H   1.0  0.9587       0.660  0.152  0.147
 40     H   1.0  0.9601       0.660  0.153  0.148
 41     H   1.0  0.9642       0.660  0.159  0.145
 42     H   1.0  0.9649       0.669  0.152  0.144
 43     H   1.0  0.9389       0.674  0.134  0.131
 44     H   1.0  0.9552       0.677  0.146  0.132
 45     H   1.0  0.9469       0.678  0.139  0.131
 46     H   1.0  0.9529       0.531  0.100  0.323
 47     H   1.0  0.9695       0.664  0.153  0.152
 48     H   1.0  0.9718       0.664  0.159  0.149
 49     O   6.0  6.0234       1.067  0.340  3.437  1.067  0.112
 50     O   6.0  6.0139       1.053  0.338  3.428  1.114  0.081
 51     C   4.0  3.9972       0.546  0.237  2.121  0.732  0.361
 52     C   4.0  4.0981       0.528  0.250  2.199  0.809  0.313
 53     C   4.0  4.0553       0.557  0.252  2.190  0.774  0.281
 54     C   4.0  4.0254       0.546  0.230  2.099  0.680  0.470
 55     C   4.0  4.0368       0.554  0.254  2.158  0.780  0.292
 56     C   4.0  4.0145       0.546  0.230  2.108  0.673  0.459
 57     C   4.0  4.0427       0.555  0.255  2.180  0.770  0.283
 58     C   4.0  4.0237       0.565  0.256  2.130  0.779  0.293
 59     C   4.0  4.0724       0.533  0.259  2.153  0.796  0.332
 60     C   4.0  4.0773       0.578  0.275  2.168  0.850  0.206
 61     H   1.0  0.9576       0.668  0.150  0.139
 62     H   1.0  0.9501       0.664  0.146  0.140
 63     H   1.0  0.9628       0.660  0.156  0.147
 64     H   1.0  0.9556       0.662  0.152  0.142
 65     H   1.0  0.9557       0.660  0.152  0.144
 66     H   1.0  0.9693       0.670  0.158  0.142
 67     H   1.0  0.9570       0.675  0.152  0.130
 68     H   1.0  0.9491       0.668  0.148  0.133
 69     H   1.0  0.9582       0.675  0.152  0.131
 70     H   1.0  0.9622       0.536  0.109  0.316
 71     H   1.0  0.9590       0.668  0.142  0.149
 72     H   1.0  0.9619       0.666  0.149  0.147
 73     O   6.0  6.0113       1.070  0.340  3.420  1.067  0.114
 74     O   6.0  6.0235       1.047  0.337  3.434  1.122  0.083
 75     C   4.0  4.0022       0.546  0.237  2.119  0.739  0.362
 76     C   4.0  4.1054       0.531  0.254  2.197  0.813  0.311
 77     C   4.0  4.0572       0.556  0.253  2.185  0.782  0.282
 78     C   4.0  4.0182       0.546  0.231  2.096  0.683  0.463
 79     C   4.0  4.0379       0.553  0.252  2.163  0.775  0.294
 80     C   4.0  4.0180       0.545  0.230  2.103  0.669  0.472
 81     C   4.0  4.0511       0.557  0.254  2.186  0.771  0.283
 82     C   4.0  4.0178       0.566  0.256  2.123  0.780  0.292
 83     C   4.0  4.0830       0.537  0.265  2.159  0.789  0.333
 84     C   4.0  4.0769       0.575  0.274  2.174  0.847  0.206
 85     H   1.0  0.9469       0.668  0.140  0.139
 86     H   1.0  0.9537       0.671  0.149  0.134
 87     H   1.0  0.9592       0.660  0.153  0.147
 88     H   1.0  0.9628       0.662  0.157  0.143
 89     H   1.0  0.9629       0.661  0.155  0.147
 90     H   1.0  0.9683       0.670  0.156  0.142
 91     H   1.0  0.9496       0.676  0.143  0.131
 92     H   1.0  0.9480       0.676  0.141  0.131
 93     H   1.0  0.9388       0.673  0.134  0.131
 94     H   1.0  0.9778       0.532  0.110  0.336
 95     H   1.0  0.9615       0.666  0.146  0.150
 96     H   1.0  0.9655       0.667  0.150  0.148
 97     O   6.0  6.0275       1.068  0.342  3.428  1.075  0.114
 98     O   6.0  5.9970       1.048  0.331  3.434  1.104  0.080
 99     C   4.0  4.0031       0.545  0.237  2.125  0.735  0.361
100     C   4.0  4.0986       0.530  0.252  2.198  0.808  0.311
101     C   4.0  4.0434       0.554  0.253  2.180  0.777  0.280
102     C   4.0  4.0168       0.544  0.230  2.093  0.681  0.468
103     C   4.0  4.0467       0.555  0.252  2.167  0.779  0.294
104     C   4.0  4.0131       0.546  0.230  2.107  0.670  0.460
105     C   4.0  4.0487       0.556  0.253  2.185  0.772  0.283
106     C   4.0  4.0130       0.566  0.256  2.123  0.776  0.292
107     C   4.0  4.0800       0.537  0.265  2.155  0.788  0.335
108     C   4.0  4.0858       0.577  0.275  2.173  0.854  0.206
109     H   1.0  0.9536       0.667  0.146  0.140
110     H   1.0  0.9551       0.669  0.150  0.136
111     H   1.0  0.9572       0.658  0.155  0.144
112     H   1.0  0.9626       0.663  0.157  0.143
113     H   1.0  0.9618       0.659  0.158  0.145
114     H   1.0  0.9655       0.668  0.156  0.142
115     H   1.0  0.9411       0.674  0.136  0.131
116     H   1.0  0.9513       0.675  0.145  0.131
117     H   1.0  0.9499       0.677  0.143  0.130
118     H   1.0  0.9462       0.536  0.109  0.301
119     H   1.0  0.9606       0.667  0.144  0.150
120     H   1.0  0.9656       0.668  0.150  0.148
121     O   6.0  6.0151       1.071  0.341  3.428  1.067  0.109
122     O   6.0  5.9971       1.046  0.331  3.432  1.107  0.081
123     C   4.0  3.9995       0.547  0.237  2.121  0.735  0.360
124     C   4.0  4.0963       0.530  0.254  2.196  0.808  0.308
125     C   4.0  4.0550       0.557  0.252  2.186  0.778  0.282
126     C   4.0  4.0230       0.548  0.231  2.096  0.688  0.459
127     C   4.0  4.0377       0.555  0.252  2.160  0.778  0.293
128     C   4.0  4.0213       0.546  0.231  2.110  0.671  0.464
129     C   4.0  4.0394       0.557  0.253  2.180  0.768  0.281
130     C   4.0  4.0175       0.563  0.255  2.127  0.781  0.293
131     C   4.0  4.0747       0.536  0.265  2.158  0.791  0.324
132     C   4.0  4.0814       0.574  0.273  2.178  0.850  0.206
133     H   1.0  0.9460       0.667  0.143  0.136
134     H   1.0  0.9439       0.664  0.143  0.137
135     H   1.0  0.9557       0.659  0.151  0.146
136     H   1.0  0.9606       0.663  0.155  0.143
137     H   1.0  0.9576       0.658  0.156  0.144
138     H   1.0  0.9700       0.669  0.161  0.140
139     H   1.0  0.9448       0.674  0.142  0.130
140     H   1.0  0.9530       0.676  0.144  0.133
141     H   1.0  0.9409       0.671  0.138  0.131
142     H   1.0  0.9808       0.527  0.110  0.343
143     H   1.0  0.9651       0.664  0.151  0.150
144     H   1.0  0.9643       0.666  0.151  0.148
145     O   6.0  6.0174       1.071  0.340  3.426  1.068  0.112
146     O   6.0  6.0367       1.052  0.340  3.433  1.129  0.083
147     C   4.0  4.0040       0.548  0.236  2.119  0.738  0.363
148     C   4.0  4.1039       0.532  0.255  2.198  0.808  0.310
149     C   4.0  4.0612       0.559  0.253  2.185  0.782  0.283
150     C   4.0  4.0210       0.551  0.231  2.093  0.684  0.463
151     C   4.0  4.0440       0.556  0.253  2.162  0.780  0.293
152     C   4.0  4.0165       0.549  0.229  2.104  0.667  0.467
153     C   4.0  4.0512       0.561  0.255  2.179  0.773  0.283
154     C   4.0  4.0126       0.568  0.255  2.115  0.781  0.293
155     C   4.0  4.0797       0.536  0.264  2.156  0.791  0.332
156     C   4.0  4.0851       0.575  0.274  2.179  0.851  0.206
157     H   1.0  0.9418       0.668  0.136  0.138
158     H   1.0  0.9510       0.672  0.145  0.135
159     H   1.0  0.9579       0.660  0.151  0.147
160     H   1.0  0.9598       0.663  0.150  0.146
161     H   1.0  0.9559       0.661  0.149  0.145
162     H   1.0  0.9646       0.669  0.155  0.141
163     H   1.0  0.9458       0.676  0.139  0.130
164     H   1.0  0.9544       0.676  0.148  0.131
165     H   1.0  0.9419       0.671  0.140  0.130
166     H   1.0  0.9654       0.535  0.100  0.330
167     H   1.0  0.9634       0.665  0.146  0.152
168     H   1.0  0.9661       0.667  0.150  0.149
169     O   6.0  6.0293       1.068  0.345  3.416  1.084  0.116
170     O   6.0  6.0383       1.050  0.340  3.435  1.131  0.081
171     C   4.0  4.0153       0.547  0.238  2.127  0.739  0.365
172     C   4.0  4.1007       0.532  0.255  2.196  0.808  0.310
173     C   4.0  4.0503       0.562  0.254  2.177  0.777  0.280
174     C   4.0  4.0105       0.548  0.230  2.080  0.682  0.470
175     C   4.0  4.0553       0.554  0.252  2.174  0.778  0.296
176     C   4.0  4.0143       0.548  0.232  2.092  0.680  0.462
177     C   4.0  4.0562       0.558  0.252  2.186  0.773  0.287
178     C   4.0  4.0036       0.566  0.257  2.116  0.774  0.291
179     C   4.0  4.0864       0.541  0.267  2.156  0.786  0.336
180     C   4.0  4.0872       0.574  0.272  2.180  0.856  0.206
181     H   1.0  0.9540       0.671  0.146  0.137
182     H   1.0  0.9431       0.668  0.139  0.137
183     H   1.0  0.9507       0.661  0.146  0.143
184     H   1.0  0.9639       0.662  0.159  0.143
185     H   1.0  0.9669       0.660  0.152  0.155
186     H   1.0  0.9600       0.667  0.153  0.139
187     H   1.0  0.9507       0.679  0.138  0.134
188     H   1.0  0.9399       0.676  0.132  0.131
189     H   1.0  0.9554       0.678  0.144  0.134
190     H   1.0  0.9693       0.537  0.102  0.330
191     H   1.0  0.9676       0.664  0.154  0.150
192     H   1.0  0.9707       0.664  0.158  0.149
193     O   6.0  6.0236       1.070  0.342  3.425  1.073  0.114
194     O   6.0  6.0315       1.049  0.339  3.437  1.124  0.082
195     C   4.0  4.0056       0.548  0.237  2.121  0.736  0.364
196     C   4.0  4.1034       0.532  0.255  2.198  0.807  0.311
197     C   4.0  4.0579       0.558  0.253  2.184  0.781  0.282
198     C   4.0  4.0179       0.548  0.230  2.092  0.682  0.465
199     C   4.0  4.0495       0.555  0.252  2.168  0.780  0.294
200     C   4.0  4.0184       0.548  0.229  2.103  0.670  0.468
201     C   4.0  4.0541       0.558  0.253  2.183  0.776  0.284
202     C   4.0  4.0163       0.565  0.255  2.124  0.778  0.294
203     C   4.0  4.0799       0.538  0.264  2.156  0.789  0.333
204     C   4.0  4.0796       0.576  0.273  2.173  0.851  0.206
205     H   1.0  0.9494       0.671  0.145  0.134
206     H   1.0  0.9445       0.668  0.139  0.138
207     H   1.0  0.9571       0.660  0.150  0.147
208     H   1.0  0.9641       0.663  0.156  0.145
209     H   1.0  0.9594       0.659  0.157  0.143
210     H   1.0  0.9709       0.671  0.158  0.142
211     H   1.0  0.9555       0.676  0.147  0.132
212     H   1.0  0.9446       0.677  0.137  0.130
213     H   1.0  0.9429       0.673  0.138  0.132
214     H   1.0  0.9765       0.530  0.104  0.342
215     H   1.0  0.9664       0.667  0.150  0.150
216     H   1.0  0.9638       0.667  0.149  0.148
217     O   6.0  6.0567       1.070  0.352  3.427  1.096  0.112
218     O   6.0  6.0247       1.048  0.336  3.433  1.125  0.082
219     C   4.0  4.0035       0.545  0.238  2.128  0.735  0.358
220     C   4.0  4.1076       0.532  0.255  2.197  0.811  0.313
221     C   4.0  4.0397       0.565  0.255  2.160  0.774  0.286
222     C   4.0  4.0225       0.547  0.232  2.097  0.688  0.458
223     C   4.0  4.0328       0.558  0.253  2.152  0.774  0.296
224     C   4.0  4.0187       0.549  0.231  2.096  0.670  0.473
225     C   4.0  4.0586       0.560  0.253  2.185  0.779  0.282
226     C   4.0  4.0179       0.566  0.257  2.122  0.780  0.293
227     C   4.0  4.0872       0.541  0.267  2.147  0.796  0.337
228     C   4.0  4.0834       0.575  0.272  2.175  0.856  0.207
229     H   1.0  0.9454       0.669  0.138  0.138
230     H   1.0  0.9438       0.667  0.139  0.139
231     H   1.0  0.9489       0.661  0.147  0.142
232     H   1.0  0.9563       0.663  0.151  0.142
233     H   1.0  0.9661       0.662  0.158  0.147
234     H   1.0  0.9653       0.671  0.151  0.144
235     H   1.0  0.9615       0.679  0.150  0.133
236     H   1.0  0.9449       0.674  0.138  0.132
237     H   1.0  0.9512       0.679  0.141  0.131
238     H   1.0  0.9816       0.535  0.112  0.335
239     H   1.0  0.9675       0.666  0.150  0.151
240     H   1.0  0.9646       0.663  0.153  0.149
241     O   6.0  6.0171       1.070  0.340  3.424  1.070  0.112
242     O   6.0  6.0247       1.050  0.338  3.434  1.120  0.083
243     C   4.0  4.0036       0.545  0.237  2.124  0.735  0.362
244     C   4.0  4.1059       0.532  0.254  2.196  0.812  0.313
245     C   4.0  4.0579       0.558  0.253  2.181  0.782  0.283
246     C   4.0  4.0192       0.549  0.231  2.092  0.685  0.463
247     C   4.0  4.0410       0.555  0.253  2.165  0.775  0.293
248     C   4.0  4.0186       0.547  0.230  2.104  0.670  0.467
249     C   4.0  4.0478       0.557  0.254  2.185  0.769  0.282
250     C   4.0  4.0175       0.566  0.258  2.123  0.780  0.291
251     C   4.0  4.0818       0.537  0.265  2.157  0.789  0.333
252     C   4.0  4.0775       0.574  0.272  2.173  0.852  0.206
253     H   1.0  0.9472       0.667  0.142  0.138
254     H   1.0  0.9456       0.669  0.138  0.138
255     H   1.0  0.9573       0.660  0.151  0.146
256     H   1.0  0.9597       0.662  0.154  0.144
257     H   1.0  0.9627       0.658  0.155  0.149
258     H   1.0  0.9647       0.670  0.152  0.143
259     H   1.0  0.9506       0.676  0.144  0.130
260     H   1.0  0.9383       0.673  0.135  0.131
261     H   1.0  0.9463       0.677  0.139  0.131
262     H   1.0  0.9678       0.535  0.102  0.331
263     H   1.0  0.9663       0.666  0.151  0.150
264     H   1.0  0.9666       0.663  0.154  0.149
265     O   6.0  6.0280       1.067  0.344  3.417  1.084  0.116
266     O   6.0  6.0467       1.053  0.340  3.439  1.132  0.082
267     C   4.0  4.0070       0.548  0.237  2.120  0.737  0.365
268     C   4.0  4.1016       0.531  0.254  2.195  0.811  0.311
269     C   4.0  4.0519       0.561  0.254  2.178  0.778  0.280
270     C   4.0  4.0179       0.549  0.231  2.085  0.684  0.469
271     C   4.0  4.0459       0.557  0.253  2.163  0.779  0.295
272     C   4.0  4.0200       0.550  0.232  2.098  0.678  0.462
273     C   4.0  4.0602       0.561  0.253  2.183  0.776  0.287
274     C   4.0  4.0152       0.567  0.258  2.123  0.774  0.293
275     C   4.0  4.0922       0.540  0.266  2.158  0.790  0.338
276     C   4.0  4.0846       0.579  0.274  2.173  0.851  0.207
277     H   1.0  0.9482       0.669  0.142  0.137
278     H   1.0  0.9514       0.668  0.148  0.135
279     H   1.0  0.9523       0.660  0.148  0.144
280     H   1.0  0.9568       0.663  0.151  0.142
281     H   1.0  0.9647       0.659  0.148  0.157
282     H   1.0  0.9614       0.671  0.149  0.142
283     H   1.0  0.9573       0.677  0.147  0.133
284     H   1.0  0.9493       0.678  0.139  0.133
285     H   1.0  0.9387       0.675  0.132  0.131
286     H   1.0  0.9578       0.540  0.103  0.315
287     H   1.0  0.9606       0.668  0.141  0.151
288     H   1.0  0.9674       0.668  0.151  0.149
289     O   6.0  6.0315       1.070  0.344  3.426  1.080  0.113
290     O   6.0  6.0385       1.052  0.345  3.429  1.129  0.083
291     C   4.0  4.0116       0.547  0.237  2.128  0.735  0.364
292     C   4.0  4.1034       0.529  0.252  2.199  0.813  0.310
293     C   4.0  4.0640       0.557  0.252  2.195  0.777  0.283
294     C   4.0  4.0203       0.549  0.230  2.094  0.681  0.467
295     C   4.0  4.0430       0.556  0.254  2.161  0.778  0.293
296     C   4.0  4.0068       0.549  0.229  2.096  0.670  0.463
297     C   4.0  4.0434       0.560  0.255  2.171  0.775  0.282
298     C   4.0  4.0103       0.567  0.258  2.119  0.775  0.292
299     C   4.0  4.0798       0.534  0.261  2.156  0.797  0.331
300     C   4.0  4.0845       0.576  0.273  2.178  0.851  0.206
301     H   1.0  0.9454       0.664  0.146  0.136
302     H   1.0  0.9623       0.671  0.154  0.137
303     H   1.0  0.9702       0.659  0.158  0.154
304     H   1.0  0.9546       0.663  0.150  0.142
305     H   1.0  0.9515       0.661  0.147  0.144
306     H   1.0  0.9591       0.668  0.151  0.140
307     H   1.0  0.9534       0.674  0.148  0.132
308     H   1.0  0.9423       0.670  0.142  0.131
309     H   1.0  0.9576       0.674  0.152  0.132
310     H   1.0  0.9378       0.543  0.091  0.304
311     H   1.0  0.9590       0.665  0.144  0.150
312     H   1.0  0.9764       0.669  0.157  0.150
313     O   6.0  6.0270       1.068  0.345  3.416  1.083  0.116
314     O   6.0  6.0398       1.053  0.339  3.443  1.123  0.082
315     C   4.0  4.0042       0.547  0.237  2.122  0.734  0.364
316     C   4.0  4.1030       0.530  0.253  2.196  0.813  0.312
317     C   4.0  4.0296       0.560  0.253  2.171  0.767  0.280
318     C   4.0  4.0142       0.547  0.231  2.087  0.679  0.470
319     C   4.0  4.0505       0.557  0.254  2.165  0.778  0.296
320     C   4.0  4.0183       0.550  0.232  2.101  0.674  0.461
321     C   4.0  4.0632       0.560  0.253  2.185  0.777  0.288
322     C   4.0  4.0167       0.569  0.257  2.122  0.775  0.294
323     C   4.0  4.0882       0.539  0.264  2.156  0.792  0.336
324     C   4.0  4.0867       0.579  0.274  2.171  0.854  0.207
325     H   1.0  0.9510       0.669  0.144  0.138
326     H   1.0  0.9559       0.669  0.152  0.135
327     H   1.0  0.9530       0.659  0.151  0.144
328     H   1.0  0.9597       0.664  0.152  0.143
329     H   1.0  0.9612       0.663  0.152  0.145
330     H   1.0  0.9619       0.671  0.149  0.142
331     H   1.0  0.9592       0.677  0.151  0.132
332     H   1.0  0.9412       0.674  0.136  0.131
333     H   1.0  0.9551       0.677  0.142  0.137
334     H   1.0  0.9732       0.540  0.105  0.328
335     H   1.0  0.9588       0.669  0.139  0.151
336     H   1.0  0.9674       0.668  0.150  0.149
337     O   6.0  6.0198       1.069  0.343  3.422  1.073  0.113
338     O   6.0  6.0340       1.051  0.338  3.438  1.125  0.082
339     C   4.0  4.0112       0.548  0.238  2.126  0.737  0.363
340     C   4.0  4.1022       0.532  0.255  2.198  0.808  0.310
341     C   4.0  4.0493       0.561  0.253  2.181  0.773  0.282
342     C   4.0  4.0199       0.549  0.232  2.091  0.684  0.464
343     C   4.0  4.0490       0.558  0.254  2.163  0.780  0.295
344     C   4.0  4.0199       0.549  0.231  2.095  0.676  0.469
345     C   4.0  4.0498       0.561  0.253  2.176  0.775  0.283
346     C   4.0  4.0149       0.564  0.255  2.125  0.777  0.293
347     C   4.0  4.0846       0.541  0.267  2.157  0.787  0.332
348     C   4.0  4.0773       0.572  0.273  2.180  0.848  0.205
349     H   1.0  0.9477       0.667  0.144  0.137
350     H   1.0  0.9467       0.669  0.142  0.136
351     H   1.0  0.9559       0.659  0.149  0.148
352     H   1.0  0.9573       0.664  0.151  0.143
353     H   1.0  0.9557       0.660  0.148  0.147
354     H   1.0  0.9668       0.668  0.157  0.142
355     H   1.0  0.9395       0.675  0.133  0.131
356     H   1.0  0.9553       0.677  0.143  0.135
357     H   1.0  0.9454       0.677  0.137  0.132
358     H   1.0  0.9688       0.534  0.104  0.331
359     H   1.0  0.9682       0.664  0.155  0.149
360     H   1.0  0.9679       0.666  0.154  0.148
361     O   6.0  6.0108       1.065  0.341  3.419  1.072  0.114
362     O   6.0  6.0331       1.053  0.341  3.423  1.133  0.084
363     C   4.0  4.0179       0.546  0.238  2.132  0.737  0.365
364     C   4.0  4.0975       0.529  0.251  2.198  0.808  0.311
365     C   4.0  4.0643       0.556  0.254  2.195  0.778  0.282
366     C   4.0  4.0196       0.546  0.231  2.091  0.682  0.470
367     C   4.0  4.0476       0.556  0.254  2.161  0.782  0.294
368     C   4.0  4.0071       0.547  0.229  2.098  0.668  0.465
369     C   4.0  4.0471       0.561  0.256  2.170  0.777  0.283
370     C   4.0  4.0196       0.566  0.256  2.126  0.778  0.294
371     C   4.0  4.0707       0.535  0.260  2.152  0.790  0.334
372     C   4.0  4.0735       0.576  0.274  2.168  0.850  0.205
373     H   1.0  0.9499       0.666  0.148  0.136
374     H   1.0  0.9582       0.669  0.149  0.140
375     H   1.0  0.9632       0.660  0.155  0.148
376     H   1.0  0.9571       0.663  0.151  0.142
377     H   1.0  0.9513       0.662  0.145  0.144
378     H   1.0  0.9725       0.671  0.158  0.143
379     H   1.0  0.9476       0.670  0.145  0.133
380     H   1.0  0.9596       0.676  0.153  0.131
381     H   1.0  0.9611       0.676  0.151  0.133
382     H   1.0  0.9458       0.543  0.101  0.302
383     H   1.0  0.9627       0.666  0.147  0.149
384     H   1.0  0.9649       0.665  0.151  0.149
 largest Wiberg (=(PS)*(SP)) bond orders for each atom
           total WBO             WBO to atom > 0.05 ...
     1  O   2.229    C    6 1.124    C   11 1.005
     2  O   2.165    C    8 1.080    H   22 1.033
     3  C   3.973    C    7 1.452    C    5 1.416    C    4 1.029    C    8 0.066
     4  C   4.024    C    3 1.029    C   10 1.019    H   14 0.977    H   13 0.973
     5  C   3.951    C    6 1.446    C    3 1.416    H   15 0.977    C    9 0.067
     6  C   3.991    C    5 1.446    C    8 1.335    O    1 1.124    C    7 0.066
     7  C   3.951    C    3 1.452    C    9 1.427    H   16 0.978    C    6 0.066
     8  C   3.952    C    9 1.455    C    6 1.335    O    2 1.080    C    3 0.066
     9  C   3.944    C    8 1.455    C    7 1.427    H   17 0.975    C    5 0.067
    10  C   3.884    C   12 1.969    C    4 1.019    H   18 0.979
    11  C   3.912    O    1 1.005    H   19 0.986    H   21 0.983    H   20 0.983
    12  C   3.899    C   10 1.969    H   24 0.994    H   23 0.988
    13  H   0.974    C    4 0.973
    14  H   0.983    C    4 0.977
    15  H   1.016    C    5 0.977
    16  H   1.031    C    7 0.978
    17  H   1.029    C    9 0.975
    18  H   1.013    C   10 0.979
    19  H   0.969    C   11 0.986
    20  H   0.972    C   11 0.983
    21  H   0.987    C   11 0.983
    22  H   1.037    O    2 1.033
    23  H   1.023    C   12 0.988
    24  H   1.020    C   12 0.994
    25  O   2.237    C   30 1.111    C   35 1.017
    26  O   2.165    C   32 1.082    H   46 1.012
    27  C   3.983    C   31 1.449    C   29 1.419    C   28 1.033    C   32 0.066
    28  C   4.043    C   27 1.033    C   34 1.003    H   37 0.983    H   38 0.972
    29  C   3.965    C   30 1.431    C   27 1.419    H   39 0.981    C   33 0.066
    30  C   3.988    C   29 1.431    C   32 1.327    O   25 1.111    C   31 0.065
    31  C   3.943    C   27 1.449    C   33 1.442    H   40 0.975    C   30 0.065
    32  C   3.960    C   33 1.449    C   30 1.327    O   26 1.082    C   27 0.066
    33  C   3.943    C   32 1.449    C   31 1.442    H   41 0.983    C   29 0.066
    34  C   3.901    C   36 1.954    C   28 1.003    H   42 0.982
    35  C   3.958    O   25 1.017    H   45 0.986    H   43 0.986    H   44 0.982
    36  C   3.911    C   34 1.954    H   47 0.994    H   48 0.991
    37  H   1.005    C   28 0.983
    38  H   0.994    C   28 0.972
    39  H   1.027    C   29 0.981
    40  H   1.003    C   31 0.975
    41  H   1.030    C   33 0.983
    42  H   1.027    C   34 0.982
    43  H   0.997    C   35 0.986
    44  H   0.983    C   35 0.982
    45  H   0.992    C   35 0.986
    46  H   1.022    O   26 1.012
    47  H   1.022    C   36 0.994
    48  H   1.025    C   36 0.991
    49  O   2.221    C   54 1.121    C   59 1.019
    50  O   2.164    C   56 1.067    H   70 1.038
    51  C   3.959    C   55 1.447    C   53 1.411    C   52 1.012    C   56 0.067
    52  C   4.043    C   58 1.039    C   51 1.012    H   61 0.985    H   62 0.975
    53  C   3.947    C   54 1.446    C   51 1.411    H   63 0.983    C   57 0.067
    54  C   3.991    C   53 1.446    C   56 1.344    O   49 1.121    C   55 0.066
    55  C   3.958    C   51 1.447    C   57 1.432    H   64 0.976    C   54 0.066
    56  C   3.947    C   57 1.448    C   54 1.344    O   50 1.067    C   51 0.067
    57  C   3.949    C   56 1.448    C   55 1.432    H   65 0.977    C   53 0.067
    58  C   3.922    C   60 1.926    C   52 1.039    H   66 0.984
    59  C   3.911    O   49 1.019    H   67 0.989    H   68 0.988    H   69 0.988
    60  C   3.937    C   58 1.926    H   71 0.993    H   72 0.988
    61  H   1.009    C   52 0.985
    62  H   0.967    C   52 0.975
    63  H   1.030    C   53 0.983
    64  H   1.019    C   55 0.976
    65  H   1.033    C   57 0.977
    66  H   1.041    C   58 0.984
    67  H   0.972    C   59 0.989
    68  H   0.971    C   59 0.988
    69  H   0.964    C   59 0.988
    70  H   1.027    O   50 1.038
    71  H   1.037    C   60 0.993
    72  H   1.035    C   60 0.988
    73  O   2.246    C   78 1.097    C   83 1.016
    74  O   2.169    C   80 1.103    H   94 1.021
    75  C   3.966    C   79 1.453    C   77 1.401    C   76 1.005    C   80 0.066
    76  C   4.052    C   82 1.020    C   75 1.005    H   86 0.993    H   85 0.982
    77  C   3.965    C   78 1.455    C   75 1.401    H   87 0.981    C   81 0.065
    78  C   3.983    C   77 1.455    C   80 1.331    O   73 1.097    C   79 0.065
    79  C   3.946    C   75 1.453    C   81 1.436    H   88 0.978    C   78 0.065
    80  C   3.960    C   81 1.442    C   78 1.331    O   74 1.103    C   75 0.066
    81  C   3.935    C   80 1.442    C   79 1.436    H   89 0.984    C   77 0.065
    82  C   3.919    C   84 1.930    C   76 1.020    H   90 0.983
    83  C   3.956    O   73 1.016    H   93 0.987    H   92 0.983    H   91 0.981
    84  C   3.930    C   82 1.930    H   96 0.990    H   95 0.989
    85  H   1.005    C   76 0.982
    86  H   1.006    C   76 0.993
    87  H   1.026    C   77 0.981
    88  H   1.015    C   79 0.978
    89  H   1.028    C   81 0.984
    90  H   1.042    C   82 0.983
    91  H   0.987    C   83 0.981
    92  H   0.993    C   83 0.983
    93  H   0.996    C   83 0.987
    94  H   1.039    O   74 1.021
    95  H   1.036    C   84 0.989
    96  H   1.039    C   84 0.990
    97  O   2.232    C  102 1.112    C  107 1.009
    98  O   2.162    C  104 1.074    H  118 1.039
    99  C   3.966    C  103 1.454    C  101 1.410    C  100 1.014    C  104 0.066
   100  C   4.045    C  106 1.026    C   99 1.014    H  110 0.985    H  109 0.983
   101  C   3.950    C  102 1.450    C   99 1.410    H  111 0.973    C  105 0.067
   102  C   3.981    C  101 1.450    C  104 1.336    O   97 1.112    C  103 0.065
   103  C   3.950    C   99 1.454    C  105 1.428    H  112 0.983    C  102 0.065
   104  C   3.949    C  105 1.454    C  102 1.336    O   98 1.074    C   99 0.066
   105  C   3.939    C  104 1.454    C  103 1.428    H  113 0.979    C  101 0.067
   106  C   3.907    C  108 1.928    C  100 1.026    H  114 0.983
   107  C   3.947    O   97 1.009    H  115 0.988    H  117 0.984    H  116 0.980
   108  C   3.939    C  106 1.928    H  120 0.992    H  119 0.991
   109  H   0.995    C  100 0.983
   110  H   1.001    C  100 0.985
   111  H   1.014    C  101 0.973
   112  H   1.023    C  103 0.983
   113  H   1.031    C  105 0.979
   114  H   1.022    C  106 0.983
   115  H   1.000    C  107 0.988
   116  H   0.973    C  107 0.980
   117  H   0.991    C  107 0.984
   118  H   1.032    O   98 1.039
   119  H   1.037    C  108 0.991
   120  H   1.041    C  108 0.992
   121  O   2.213    C  126 1.083    C  131 1.017
   122  O   2.145    C  128 1.090    H  142 1.003
   123  C   3.964    C  127 1.441    C  125 1.418    C  124 1.008    C  128 0.067
   124  C   4.038    C  130 1.031    C  123 1.008    H  133 0.978    H  134 0.973
   125  C   3.955    C  126 1.438    C  123 1.418    H  135 0.982    C  129 0.068
   126  C   3.976    C  125 1.438    C  128 1.351    O  121 1.083    C  127 0.066
   127  C   3.952    C  129 1.447    C  123 1.441    H  136 0.981    C  126 0.066
   128  C   3.959    C  129 1.439    C  126 1.351    O  122 1.090    C  123 0.067
   129  C   3.931    C  127 1.447    C  128 1.439    H  137 0.976    C  125 0.068
   130  C   3.912    C  132 1.942    C  124 1.031    H  138 0.982
   131  C   3.942    O  121 1.017    H  141 0.989    H  139 0.984    H  140 0.983
   132  C   3.927    C  130 1.942    H  144 0.992    H  143 0.986
   133  H   1.004    C  124 0.978
   134  H   0.994    C  124 0.973
   135  H   1.018    C  125 0.982
   136  H   1.011    C  127 0.981
   137  H   1.020    C  129 0.976
   138  H   1.032    C  130 0.982
   139  H   0.989    C  131 0.984
   140  H   0.969    C  131 0.983
   141  H   0.992    C  131 0.989
   142  H   1.022    O  122 1.003
   143  H   1.039    C  132 0.986
   144  H   1.035    C  132 0.992
   145  O   2.227    C  150 1.098    C  155 1.016
   146  O   2.171    C  152 1.092    H  166 1.022
   147  C   3.980    C  151 1.440    C  149 1.411    C  148 1.010    C  152 0.065
   148  C   4.051    C  154 1.012    C  147 1.010    H  158 0.996    H  157 0.978
   149  C   3.970    C  150 1.438    C  147 1.411    H  159 0.984    C  153 0.066
   150  C   3.995    C  149 1.438    C  152 1.336    O  145 1.098    C  151 0.065
   151  C   3.966    C  147 1.440    C  153 1.437    H  160 0.982    C  150 0.065
   152  C   3.975    C  153 1.429    C  150 1.336    O  146 1.092    C  147 0.065
   153  C   3.960    C  151 1.437    C  152 1.429    H  161 0.981    C  149 0.066
   154  C   3.913    C  156 1.929    C  148 1.012    H  162 0.982
   155  C   3.946    O  145 1.016    H  163 0.989    H  165 0.983    H  164 0.980
   156  C   3.935    C  154 1.929    H  168 0.995    H  167 0.992
   157  H   1.000    C  148 0.978
   158  H   1.010    C  148 0.996
   159  H   1.028    C  149 0.984
   160  H   1.015    C  151 0.982
   161  H   1.030    C  153 0.981
   162  H   1.032    C  154 0.982
   163  H   0.992    C  155 0.989
   164  H   0.979    C  155 0.980
   165  H   0.992    C  155 0.983
   166  H   1.024    O  146 1.022
   167  H   1.029    C  156 0.992
   168  H   1.042    C  156 0.995
   169  O   2.248    C  174 1.122    C  179 1.004
   170  O   2.158    C  176 1.082    H  190 1.024
   171  C   3.985    C  173 1.442    C  175 1.430    C  172 1.008    C  176 0.064
   172  C   4.046    C  178 1.017    C  171 1.008    H  181 0.988    H  182 0.985
   173  C   3.956    C  171 1.442    C  174 1.390    H  183 0.977    C  177 0.065
   174  C   3.995    C  173 1.390    C  176 1.350    O  169 1.122    C  175 0.067
   175  C   3.966    C  177 1.466    C  171 1.430    H  184 0.978    C  174 0.067
   176  C   3.963    C  177 1.415    C  174 1.350    O  170 1.082    C  171 0.064
   177  C   3.944    C  175 1.466    C  176 1.415    H  185 0.987    C  173 0.065
   178  C   3.907    C  180 1.931    C  172 1.017    H  186 0.979
   179  C   3.963    O  169 1.004    H  188 0.991    H  187 0.988    H  189 0.981
   180  C   3.917    C  178 1.931    H  191 0.993    H  192 0.991
   181  H   0.998    C  172 0.988
   182  H   0.999    C  172 0.985
   183  H   1.023    C  173 0.977
   184  H   1.038    C  175 0.978
   185  H   1.016    C  177 0.987
   186  H   1.034    C  178 0.979
   187  H   0.988    C  179 0.988
   188  H   0.999    C  179 0.991
   189  H   0.964    C  179 0.981
   190  H   1.039    O  170 1.024
   191  H   1.032    C  180 0.993
   192  H   1.044    C  180 0.991
   193  O   2.232    C  198 1.103    C  203 1.016
   194  O   2.154    C  200 1.095    H  214 1.018
   195  C   3.978    C  199 1.447    C  197 1.410    C  196 1.006    C  200 0.065
   196  C   4.049    C  202 1.017    C  195 1.006    H  205 0.995    H  206 0.981
   197  C   3.964    C  198 1.440    C  195 1.410    H  207 0.982    C  201 0.064
   198  C   3.995    C  197 1.440    C  200 1.330    O  193 1.103    C  199 0.065
   199  C   3.962    C  195 1.447    C  201 1.438    H  208 0.979    C  198 0.065
   200  C   3.969    C  201 1.436    C  198 1.330    O  194 1.095    C  195 0.065
   201  C   3.937    C  199 1.438    C  200 1.436    H  209 0.983    C  197 0.064
   202  C   3.911    C  204 1.933    C  196 1.017    H  210 0.986
   203  C   3.950    O  193 1.016    H  212 0.988    H  213 0.988    H  211 0.981
   204  C   3.928    C  202 1.933    H  216 0.993    H  215 0.992
   205  H   1.007    C  196 0.995
   206  H   1.004    C  196 0.981
   207  H   1.025    C  197 0.982
   208  H   1.014    C  199 0.979
   209  H   1.022    C  201 0.983
   210  H   1.030    C  202 0.986
   211  H   0.979    C  203 0.981
   212  H   0.989    C  203 0.988
   213  H   0.993    C  203 0.988
   214  H   1.041    O  194 1.018
   215  H   1.033    C  204 0.992
   216  H   1.037    C  204 0.993
   217  O   2.154    C  222 1.076    C  227 1.000
   218  O   2.179    C  224 1.098    H  238 1.033
   219  C   3.981    C  223 1.436    C  221 1.418    C  220 1.026    C  224 0.065
   220  C   4.057    C  219 1.026    C  226 1.001    H  229 0.985    H  230 0.977
   221  C   3.966    C  222 1.433    C  219 1.418    H  231 0.974    C  225 0.069
   222  C   3.987    C  221 1.433    C  224 1.368    O  217 1.076    C  223 0.068
   223  C   3.960    C  225 1.451    C  219 1.436    H  232 0.981    C  222 0.068
   224  C   3.970    C  225 1.413    C  222 1.368    O  218 1.098    C  219 0.065
   225  C   3.939    C  223 1.451    C  224 1.413    H  233 0.986    C  221 0.069
   226  C   3.923    C  228 1.948    C  220 1.001    H  234 0.986
   227  C   3.949    O  217 1.000    H  237 0.990    H  236 0.988    H  235 0.983
   228  C   3.922    C  226 1.948    H  239 0.997    H  240 0.987
   229  H   1.004    C  220 0.985
   230  H   1.005    C  220 0.977
   231  H   1.026    C  221 0.974
   232  H   1.007    C  223 0.981
   233  H   1.033    C  225 0.986
   234  H   1.045    C  226 0.986
   235  H   0.967    C  227 0.983
   236  H   0.998    C  227 0.988
   237  H   0.993    C  227 0.990
   238  H   1.047    O  218 1.033
   239  H   1.041    C  228 0.997
   240  H   1.003    C  228 0.987
   241  O   2.232    C  246 1.095    C  251 1.017
   242  O   2.166    C  248 1.095    H  262 1.018
   243  C   3.980    C  247 1.448    C  245 1.412    C  244 1.025    C  248 0.066
   244  C   4.053    C  243 1.025    C  250 1.005    H  254 0.988    H  253 0.975
   245  C   3.965    C  246 1.438    C  243 1.412    H  255 0.982    C  249 0.066
   246  C   3.983    C  245 1.438    C  248 1.334    O  241 1.095    C  247 0.065
   247  C   3.949    C  243 1.448    C  249 1.445    H  256 0.977    C  246 0.065
   248  C   3.960    C  249 1.438    C  246 1.334    O  242 1.095    C  243 0.066
   249  C   3.934    C  247 1.445    C  248 1.438    H  257 0.980    C  245 0.066
   250  C   3.917    C  252 1.948    C  244 1.005    H  258 0.984
   251  C   3.955    O  241 1.017    H  261 0.986    H  260 0.986    H  259 0.979
   252  C   3.914    C  250 1.948    H  263 0.994    H  264 0.988
   253  H   0.998    C  244 0.975
   254  H   1.003    C  244 0.988
   255  H   1.025    C  245 0.982
   256  H   1.016    C  247 0.977
   257  H   1.017    C  249 0.980
   258  H   1.042    C  250 0.984
   259  H   0.980    C  251 0.979
   260  H   0.995    C  251 0.986
   261  H   0.991    C  251 0.986
   262  H   1.026    O  242 1.018
   263  H   1.037    C  252 0.994
   264  H   1.001    C  252 0.988
   265  O   2.248    C  270 1.117    C  275 1.011
   266  O   2.167    C  272 1.073    H  286 1.043
   267  C   3.981    C  269 1.444    C  271 1.420    C  268 1.006    C  272 0.064
   268  C   4.049    C  274 1.023    C  267 1.006    H  277 0.987    H  278 0.977
   269  C   3.956    C  267 1.444    C  270 1.392    H  279 0.975    C  273 0.066
   270  C   3.999    C  269 1.392    C  272 1.361    O  265 1.117    C  271 0.067
   271  C   3.961    C  273 1.457    C  267 1.420    H  280 0.981    C  270 0.067
   272  C   3.970    C  273 1.410    C  270 1.361    O  266 1.073    C  267 0.064
   273  C   3.954    C  271 1.457    C  272 1.410    H  281 0.987    C  269 0.066
   274  C   3.921    C  276 1.922    C  268 1.023    H  282 0.985
   275  C   3.968    O  265 1.011    H  285 0.989    H  284 0.984    H  283 0.980
   276  C   3.938    C  274 1.922    H  287 0.998    H  288 0.991
   277  H   1.005    C  268 0.987
   278  H   1.001    C  268 0.977
   279  H   1.025    C  269 0.975
   280  H   1.010    C  271 0.981
   281  H   1.024    C  273 0.987
   282  H   1.039    C  274 0.985
   283  H   0.987    C  275 0.980
   284  H   0.985    C  275 0.984
   285  H   0.998    C  275 0.989
   286  H   1.040    O  266 1.043
   287  H   1.041    C  276 0.998
   288  H   1.029    C  276 0.991
   289  O   2.216    C  294 1.105    C  299 1.012
   290  O   2.196    C  296 1.069    H  310 1.062
   291  C   3.979    C  295 1.453    C  293 1.415    C  292 1.020    C  296 0.065
   292  C   4.041    C  291 1.020    C  298 1.018    H  302 0.992    H  301 0.977
   293  C   3.965    C  294 1.448    C  291 1.415    H  303 0.983    C  297 0.066
   294  C   3.992    C  293 1.448    C  296 1.329    O  289 1.105    C  295 0.065
   295  C   3.962    C  291 1.453    C  297 1.417    H  304 0.981    C  294 0.065
   296  C   3.953    C  297 1.432    C  294 1.329    O  290 1.069    C  291 0.065
   297  C   3.956    C  296 1.432    C  295 1.417    H  305 0.978    C  293 0.066
   298  C   3.910    C  300 1.927    C  292 1.018    H  306 0.982
   299  C   3.935    O  289 1.012    H  308 0.985    H  309 0.982    H  307 0.978
   300  C   3.931    C  298 1.927    H  312 0.995    H  311 0.992
   301  H   0.988    C  292 0.977
   302  H   1.009    C  292 0.992
   303  H   1.018    C  293 0.983
   304  H   1.023    C  295 0.981
   305  H   1.032    C  297 0.978
   306  H   1.032    C  298 0.982
   307  H   0.967    C  299 0.978
   308  H   0.996    C  299 0.985
   309  H   1.000    C  299 0.982
   310  H   1.060    O  290 1.062
   311  H   1.035    C  300 0.992
   312  H   1.035    C  300 0.995
   313  O   2.235    C  318 1.114    C  323 1.009
   314  O   2.156    C  320 1.067    H  334 1.047
   315  C   3.975    C  317 1.439    C  319 1.427    C  316 1.013    C  320 0.064
   316  C   4.054    C  322 1.021    C  315 1.013    H  325 0.989    H  326 0.984
   317  C   3.938    C  315 1.439    C  318 1.406    H  327 0.971    C  321 0.067
   318  C   3.992    C  317 1.406    C  320 1.355    O  313 1.114    C  319 0.067
   319  C   3.965    C  321 1.447    C  315 1.427    H  328 0.982    C  318 0.067
   320  C   3.965    C  321 1.422    C  318 1.355    O  314 1.067    C  315 0.064
   321  C   3.956    C  319 1.447    C  320 1.422    H  329 0.990    C  317 0.067
   322  C   3.923    C  324 1.915    C  316 1.021    H  330 0.986
   323  C   3.962    O  313 1.009    H  332 0.989    H  333 0.987    H  331 0.981
   324  C   3.945    C  322 1.915    H  335 0.995    H  336 0.992
   325  H   1.008    C  316 0.989
   326  H   0.999    C  316 0.984
   327  H   1.002    C  317 0.971
   328  H   1.032    C  319 0.982
   329  H   1.036    C  321 0.990
   330  H   1.042    C  322 0.986
   331  H   0.982    C  323 0.981
   332  H   0.999    C  323 0.989
   333  H   0.983    C  323 0.987
   334  H   1.047    O  314 1.047
   335  H   1.039    C  324 0.995
   336  H   1.044    C  324 0.992
   337  O   2.230    C  342 1.108    C  347 1.006
   338  O   2.163    C  344 1.095    H  358 1.013
   339  C   3.978    C  341 1.439    C  343 1.429    C  340 1.006    C  344 0.064
   340  C   4.046    C  346 1.026    C  339 1.006    H  350 0.984    H  349 0.982
   341  C   3.958    C  339 1.439    C  342 1.415    H  351 0.975    C  345 0.067
   342  C   3.994    C  341 1.415    C  344 1.353    O  337 1.108    C  343 0.067
   343  C   3.962    C  345 1.444    C  339 1.429    H  352 0.984    C  342 0.067
   344  C   3.978    C  345 1.412    C  342 1.353    O  338 1.095    C  339 0.064
   345  C   3.944    C  343 1.444    C  344 1.412    H  353 0.986    C  341 0.067
   346  C   3.909    C  348 1.947    C  340 1.026    H  354 0.977
   347  C   3.957    O  337 1.006    H  355 0.989    H  357 0.986    H  356 0.980
   348  C   3.915    C  346 1.947    H  360 0.995    H  359 0.986
   349  H   1.002    C  340 0.982
   350  H   1.005    C  340 0.984
   351  H   1.007    C  341 0.975
   352  H   1.017    C  343 0.984
   353  H   1.019    C  345 0.986
   354  H   1.033    C  346 0.977
   355  H   0.999    C  347 0.989
   356  H   0.964    C  347 0.980
   357  H   0.988    C  347 0.986
   358  H   1.029    O  338 1.013
   359  H   1.023    C  348 0.986
   360  H   1.038    C  348 0.995
   361  O   2.239    C  366 1.126    C  371 1.017
   362  O   2.192    C  368 1.078    H  382 1.048
   363  C   3.981    C  367 1.454    C  365 1.420    C  364 1.018    C  368 0.065
   364  C   4.037    C  370 1.029    C  363 1.018    H  374 0.989    H  373 0.985
   365  C   3.956    C  366 1.443    C  363 1.420    H  375 0.983    C  369 0.065
   366  C   3.990    C  365 1.443    C  368 1.329    O  361 1.126    C  367 0.065
   367  C   3.965    C  363 1.454    C  369 1.414    H  376 0.978    C  366 0.065
   368  C   3.951    C  369 1.433    C  366 1.329    O  362 1.078    C  363 0.065
   369  C   3.961    C  368 1.433    C  367 1.414    H  377 0.979    C  365 0.065
   370  C   3.912    C  372 1.927    C  364 1.029    H  378 0.991
   371  C   3.919    O  361 1.017    H  381 0.991    H  380 0.989    H  379 0.987
   372  C   3.926    C  370 1.927    H  383 0.994    H  384 0.989
   373  H   0.983    C  364 0.985
   374  H   0.992    C  364 0.989
   375  H   1.025    C  365 0.983
   376  H   1.030    C  367 0.978
   377  H   1.031    C  369 0.979
   378  H   1.038    C  370 0.991
   379  H   0.969    C  371 0.987
   380  H   0.979    C  371 0.989
   381  H   0.971    C  371 0.991
   382  H   1.038    O  362 1.048
   383  H   1.038    C  372 0.994
   384  H   1.017    C  372 0.989
dipole moment  X         Y          Z
       -3.556640       -1.198261        2.022472  total     (au/Debye)      :     4.2633    10.8365
second moment  X^2       Y^2        Z^2
      886.287679      795.497042      810.780515  average   (au)            :   830.8551
cpu  time for all   17 m 14.3 s
wall time for all    0 m 23.0 s
