*
1
           1 s 
   2.58763215999781        1.00000000000000    
           1 s 
  0.444185178971379        1.00000000000000    
           1 s 
  0.221454602104746        1.00000000000000    
           1 p 
   1.32370925037081        1.00000000000000    
           1 p 
  0.640940805081766        1.00000000000000   
*
*
2
           1 s 
   12.2084248119387       0.120460900000000    
           1 s 
   2.40459290896864       5.924850000000000E-002
           1 s 
  0.708250724729723       5.127200000000000E-003
           1 p 
   2.36042449288467        1.00000000000000    
           1 p 
  0.611128701680209        1.00000000000000    
*
*
3
           1 s
   47.9049842570847        1.25469412000000
           1 s
   9.75361111484182        1.12042389000000
           1 s
   2.78684793110831       0.211711851000000
           1 s
  0.111416561141053      -8.387090120000000E-002
           1 s
  4.872696167492891E-002  0.101492285000000
           1 p
   2.85232626723854      -3.355593070000000E-002
           1 p
  0.389940726912837      -3.355593070000000E-002
           1 p
  0.158850196440973       1.077840090000000E-002
           1 d
  0.245397536626177      -4.158905870000000E-003
*
*
4
           1 s
   92.6533077018661        1.25469412000000
           1 s
   19.1392032379369        1.12042389000000
           1 s
   5.73895841365819       0.211711851000000
           1 s
  0.267822064988687      -8.387090120000000E-002
           1 s
  9.014140104582100E-002  0.101492285000000
           1 p
   3.28752716027576      -3.355593070000000E-002
           1 p
  0.373201000281957      -3.355593070000000E-002
           1 p
  0.114087918422561       1.077840090000000E-002
           1 d
  0.538480226375893      -4.158905870000000E-003
*
*
5
           1 s
   2.18171681859837      -0.170870200000000
           1 s
  0.292854668474168       0.164155300000000
           1 s
  0.555937634061424       0.414994100000000
           1 s
  0.111360530432937       2.076750000000000E-002
           1 p
   2.20866355268091       2.836000000000000E-003
           1 p
  0.510370923452912       1.818750000000000E-002
           1 d
  0.985127529065348      -3.653720000000000E-002
           1 d
  0.220803372265780      -3.653720000000000E-002
*
*
6
           1 s
   4.67916868914063      -0.170870200000000
           1 s
   1.74435639713989       0.164155300000000
           1 s
  0.789879705032446       0.414994100000000
           1 s
  0.222438019532825       2.076750000000000E-002
           1 p
   3.71330792686424       2.836000000000000E-003
           1 p
  0.464188653263601       1.818750000000000E-002
           1 d
   1.51367683707174      -3.653720000000000E-002
           1 d
  0.373218522448761      -3.653720000000000E-002
*
*
7
           1 s
   8.21990850165041      -0.170870200000000
           1 s
   1.23511941679198       0.164155300000000
           1 s
  0.851079697634222       0.414994100000000
           1 s
  0.282895802470239       2.076750000000000E-002
           1 p
   3.93773680337317       2.836000000000000E-003
           1 p
  0.409879757587051       1.818750000000000E-002
           1 d
   2.26108497799509      -3.653720000000000E-002
           1 d
  0.455387954868505      -3.653720000000000E-002
*
*
8
           1 s
   13.0381083055993      -0.170870200000000
           1 s
   1.82517746200422       0.164155300000000
           1 s
  0.864932592067983       0.414994100000000
           1 s
  0.296884031540703       2.076750000000000E-002
           1 p
   4.18259971802815       2.836000000000000E-003
           1 p
  0.402225421102244       1.818750000000000E-002
           1 d
   3.99268508838368      -3.653720000000000E-002
           1 d
  0.615837808194633      -3.653720000000000E-002
*
*
9
           1 s
   17.2717388808347      -0.170870200000000
           1 s
   2.48786222774152       0.164155300000000
           1 s
   1.03719788244255       0.414994100000000
           1 s
  0.365064813726811       2.076750000000000E-002
           1 p
   4.86867688527267       2.836000000000000E-003
           1 p
  0.524695584836149       1.818750000000000E-002
           1 d
   5.59297630089050      -3.653720000000000E-002
           1 d
   1.09313132725511      -3.653720000000000E-002
*
*
10
           1 s
   29.5702742356448      -0.170870200000000
           1 s
   2.99118517637008       0.164155300000000
           1 s
   1.13319234552706       0.414994100000000
           1 s
  0.413401538963022       2.076750000000000E-002
           1 p
   4.34345623335399       2.836000000000000E-003
           1 p
  0.563841476639546       1.818750000000000E-002
           1 d
   5.81522998848308      -3.653720000000000E-002
           1 d
   1.09006323602319      -3.653720000000000E-002
*
*
11
           1 s
   34.5666324506450        1.25469412000000
           1 s
   3.84522767378500        1.12042389000000
           1 s
   1.42306291922981       0.211711851000000
           1 s
  0.220275591613197      -8.387090120000000E-002
           1 s
  6.950761559712201E-002  0.101492285000000
           1 p
   2.50597127052324      -3.355593070000000E-002
           1 p
  0.463541463584535      -3.355593070000000E-002
           1 p
  0.205556104233225       1.077840090000000E-002
           1 d
  0.117327500581061      -4.158905870000000E-003
*
*
12
           1 s
   42.1798977169029        1.25469412000000
           1 s
   4.94118679134599        1.12042389000000
           1 s
   2.03210074400898       0.211711851000000
           1 s
  0.188894014326065      -8.387090120000000E-002
           1 s
  8.255737307249092E-002  0.101492285000000
           1 p
   2.34403875502938      -3.355593070000000E-002
           1 p
  0.280507567576566      -3.355593070000000E-002
           1 p
  0.220157642100085       1.077840090000000E-002
           1 d
  0.254600043145883      -4.158905870000000E-003
*
*
13
           1 s
   1.44168018975524      -0.170870200000000
           1 s
   1.21032094995458       0.164155300000000
           1 s
  0.259129168760899       0.414994100000000
           1 s
  8.545450027933861E-002  2.076750000000000E-002
           1 p
  0.205615102624679       1.818750000000000E-002
           1 p
  0.121573855416462       2.836000000000000E-003
           1 d
  0.381747988358010      -3.653720000000000E-002
           1 d
  0.135167664529292      -3.653720000000000E-002
           1 f
  0.422556154373234        1.00000000000000
*
*
14
           1 s
   1.75285596680746      -0.170870200000000
           1 s
   1.51016113161712       0.164155300000000
           1 s
  0.325704640833922       0.414994100000000
           1 s
  0.109924065299603       2.076750000000000E-002
           1 p
  0.172081554787680       2.836000000000000E-003
           1 p
  0.258664389074269       1.818750000000000E-002
           1 d
  0.482101092264396      -3.653720000000000E-002
           1 d
  0.216783022318074      -3.653720000000000E-002
           1 f
  0.541175512633740        1.00000000000000
*
*
15
           1 s
   2.89839585800816      -0.170870200000000
           1 s
   1.73473113511243       0.164155300000000
           1 s
  0.397790419286585       0.414994100000000
           1 s
  0.130121190372922       2.076750000000000E-002
           1 p
   2.15086607420885       2.836000000000000E-003
           1 p
  0.286152552162885       1.818750000000000E-002
           1 d
  0.538080635069517      -3.653720000000000E-002
           1 d
  0.191384633023931      -3.653720000000000E-002
           1 f
  0.665365597329040        1.00000000000000
*
*
16
           1 s
   8.79984969561240      -0.170870200000000
           1 s
   1.95326929427197       0.164155300000000
           1 s
  0.508451433604986       0.414994100000000
           1 s
  0.170409556349989       2.076750000000000E-002
           1 p
   1.20943198796987       2.836000000000000E-003
           1 p
  0.337373352209638       1.818750000000000E-002
           1 d
  0.978385905692057      -3.653720000000000E-002
           1 d
  0.319314858949767      -3.653720000000000E-002
           1 f
  0.690160633647533        1.00000000000000
*
*
17
          1 s
   4.96553370638879      -0.170870200000000
           1 s
   3.04854346758020       0.164155300000000
           1 s
  0.621345433232800       0.414994100000000
           1 s
  0.229722917566094       2.076750000000000E-002
           1 p
   1.19214026809619       2.836000000000000E-003
           1 p
  0.473764254524612       1.818750000000000E-002
           1 d
   1.11790748679272      -3.653720000000000E-002
           1 d
  0.347512771789307      -3.653720000000000E-002
           1 f
  0.754225433753955        1.00000000000000
*
*
18
           1 s
   5.34477824927003      -0.170870200000000
           1 s
   3.69808993888062       0.164155300000000
           1 s
  0.823256586218860       0.414994100000000
           1 s
  0.330941847000056       2.076750000000000E-002
           1 p
  0.929106481945356       2.836000000000000E-003
           1 p
  0.255028761907536       1.818750000000000E-002
           1 d
   1.27604813021985      -3.653720000000000E-002
           1 d
  0.372058645150172      -3.653720000000000E-002
           1 f
  0.780158620459256        1.00000000000000
*
*
19
           1 s
   11.5822137979649        1.25469412000000
           1 s
   2.80815079283613        1.12042389000000
           1 s
   1.20120075044590       0.211711851000000
           1 s
  0.534082531201318      -8.387090120000000E-002
           1 s
  6.016074886351613E-002  0.101492285000000
           1 p
   1.24145836599148      -3.355593070000000E-002
           1 p
  0.565677161274588      -3.355593070000000E-002
           1 p
  7.558026354000762E-002  1.077840090000000E-002
           1 d
  0.194067348747072      -4.158905870000000E-003
*
*
20
           1 s
   9.93872209341194        1.25469412000000
           1 s
   4.05206358331904        1.12042389000000
           1 s
   1.20906385689618       0.211711851000000
           1 s
  0.466320879672332      -8.387090120000000E-002
           1 s
  9.608324912322640E-002  0.101492285000000
           1 p
   1.51072894471135      -3.355593070000000E-002
           1 p
  0.737267429884213      -3.355593070000000E-002
           1 p
  0.115548315986590       1.077840090000000E-002
           1 d
  0.201349633615437      -4.158905870000000E-003
*
*
21
           1 s
   18.7839145158396        1.00000000000000
           1 s
   10.1351204898746        1.00000000000000
           1 s
   7.96218181851953        1.00000000000000
           1 s
   1.27857417068206        1.00000000000000
           1 s
  0.261560252430321        1.00000000000000
           1 s
  6.053107287005036E-002   1.00000000000000
           1 p
   1.36668809063904        1.00000000000000
           1 p
  0.522820164430271        1.00000000000000
           1 p
  0.290855080124796        1.00000000000000
           1 d
   1.38582269331986        1.00000000000000
           1 d
  0.192545024285296        1.00000000000000
           1 f
   2.69876069000621        1.00000000000000
           1 f
  0.157817201809365        1.00000000000000
           1 g
   1.20394200855426        1.00000000000000
*
*
22
          1 s
   13.9914256951529        1.00000000000000
           1 s
   10.9406705386273        1.00000000000000
           1 s
   7.84681781318056        1.00000000000000
           1 s
   1.68918951281582        1.00000000000000
           1 s
  0.665119460566856        1.00000000000000
           1 s
  0.130143184553307        1.00000000000000
           1 p
   1.50577570511247        1.00000000000000
           1 p
  0.686267715857305        1.00000000000000
           1 p
  0.203096973314206        1.00000000000000
           1 d
   2.36752677639140        1.00000000000000
           1 d
  0.522886808284715        1.00000000000000
           1 f
   3.38449044065775        1.00000000000000
           1 f
  0.317555226231374        1.00000000000000
           1 g
   1.99427754518508        1.00000000000000
*
*
23
           1 s
   7.35344855017898        1.00000000000000
           1 s
   6.08785314969156        1.00000000000000
           1 s
   5.05139614958031        1.00000000000000
           1 s
   1.57189892482512        1.00000000000000
           1 s
  0.506926457722713        1.00000000000000
           1 s
  0.120059844193615        1.00000000000000
           1 p
   2.96666998820725        1.00000000000000
           1 p
   1.17154140619478        1.00000000000000
           1 p
  0.212493278509199        1.00000000000000
           1 d
   2.28260194470363        1.00000000000000
           1 d
  0.298202707567035        1.00000000000000
           1 f
   3.84798683062750        1.00000000000000
           1 f
  0.403105751753949        1.00000000000000
           1 g
   2.65324645396603        1.00000000000000
*
*
24
           1 s
   20.1834276241353        1.00000000000000
           1 s
   15.0096125890456        1.00000000000000
           1 s
   14.2731063043527        1.00000000000000
           1 s
   1.79195384042773        1.00000000000000
           1 s
  0.331718923058891        1.00000000000000
           1 s
  5.579491958843628E-002   1.00000000000000
           1 p
   1.81315575752394        1.00000000000000
           1 p
  0.960135622394575        1.00000000000000
           1 p
  0.217347457242912        1.00000000000000
           1 d
   2.37116576682886        1.00000000000000
           1 d
  0.388022522545738        1.00000000000000
           1 f
   4.12506205268353        1.00000000000000
           1 f
  0.370235091043817        1.00000000000000
           1 g
   3.18493291391658        1.00000000000000
*
*
25
           1 s
   18.3603509447649        1.00000000000000
           1 s
   15.2599958478504        1.00000000000000
           1 s
   14.3350701065013        1.00000000000000
           1 s
   2.19237178096763        1.00000000000000
           1 s
  0.669649424270113        1.00000000000000
           1 s
  0.152452115247686        1.00000000000000
           1 p
   1.72074147081893        1.00000000000000
           1 p
  0.988343232837759        1.00000000000000
           1 p
  0.191163935731897        1.00000000000000
           1 d
   4.42290068093086        1.00000000000000
           1 d
   1.11529657755229        1.00000000000000
           1 f
   5.04823854279741        1.00000000000000
           1 f
  0.460457156922254        1.00000000000000
           1 g
   3.86139008004574        1.00000000000000
*
*
26
           1 s
   18.6844691716496        1.00000000000000
           1 s
   17.0110853063950        1.00000000000000
           1 s
   16.1716832428890        1.00000000000000
           1 s
   2.47788456596308        1.00000000000000
           1 s
  0.798376760979611        1.00000000000000
           1 s
  0.178544448828770        1.00000000000000
           1 p
   1.74344214601494        1.00000000000000
           1 p
  0.831604365895690        1.00000000000000
           1 p
  0.240767414437397        1.00000000000000
           1 d
   4.08449106569353        1.00000000000000
           1 d
  0.840342053704965        1.00000000000000
           1 f
   5.40124527390390        1.00000000000000
           1 f
  0.554176680858487        1.00000000000000
           1 g
   4.16371944474941        1.00000000000000
*
*
27
          1 s
   10.4682139439292        1.00000000000000
           1 s
   9.88686903462005        1.00000000000000
           1 s
   9.26975756371844        1.00000000000000
           1 s
   2.50984022264252        1.00000000000000
           1 s
  0.764093358540404        1.00000000000000
           1 s
  0.171179851377239        1.00000000000000
           1 p
   2.09007462917547        1.00000000000000
           1 p
  0.916258679754461        1.00000000000000
           1 p
  0.217720595331215        1.00000000000000
           1 d
   6.28734997508558        1.00000000000000
           1 d
   1.63127528157876        1.00000000000000
           1 f
   6.12739922640022        1.00000000000000
           1 f
  0.599927375825658        1.00000000000000
           1 g
   5.09302535049986        1.00000000000000
*
*
28
           1 s
   24.6044771837730        1.00000000000000
           1 s
   22.4339806486040        1.00000000000000
           1 s
   19.5094427811341        1.00000000000000
           1 s
   3.01524591386582        1.00000000000000
           1 s
  0.944480490704196        1.00000000000000
           1 s
  0.201328366869631        1.00000000000000
           1 p
   2.25228758632098        1.00000000000000
           1 p
   1.10794135627802        1.00000000000000
           1 p
  0.260255184837668        1.00000000000000
           1 d
   5.65021248776250        1.00000000000000
           1 d
   1.32150853185288        1.00000000000000
           1 f
   6.99489788672791        1.00000000000000
           1 f
  0.592030157810371        1.00000000000000
           1 g
   5.95979552018491        1.00000000000000
*
*
29
           1 s
   26.0672583734012        1.00000000000000
           1 s
   21.9252839432128        1.00000000000000
           1 s
   20.7288568642975        1.00000000000000
           1 s
   3.34879861501588        1.00000000000000
           1 s
   1.12446741027439        1.00000000000000
           1 s
  0.241459166537359        1.00000000000000
           1 p
   2.91875027254152        1.00000000000000
           1 p
  0.964773869600917        1.00000000000000
           1 p
  0.298524918357553        1.00000000000000
           1 d
   5.16516177661104        1.00000000000000
           1 d
   1.18579736518309        1.00000000000000
           1 f
   8.28409650071314        1.00000000000000
           1 f
  0.538234351213556        1.00000000000000
           1 g
   6.56990830031592        1.00000000000000
*
*
30
           1 s
   27.8157161324506        1.00000000000000
           1 s
   24.4530237756019        1.00000000000000
           1 s
   23.2386362789597        1.00000000000000
           1 s
   3.64311018648051        1.00000000000000
           1 s
   1.21503586066330        1.00000000000000
           1 s
  0.244749616637937        1.00000000000000
           1 p
   2.72349892662438        1.00000000000000
           1 p
  0.904820867318106        1.00000000000000
           1 p
  0.241476051910823        1.00000000000000
           1 d
   5.44868441901351        1.00000000000000
           1 d
   1.53103018665673        1.00000000000000
           1 f
   6.61620600851292        1.00000000000000
           1 f
  0.599372701357740        1.00000000000000
           1 g
   7.02335691760327        1.00000000000000
*
*
31
           1 s
  0.863257887160787       0.164155300000000
           1 s
  0.301866437335551       0.414994100000000
           1 s
  8.921470882867374E-002  2.076750000000000E-002
           1 p
  0.259723429525649       2.836000000000000E-003
           1 p
  9.837615556226306E-002  1.818750000000000E-002
           1 d
  0.342240235402597      -3.653720000000000E-002
           1 d
  0.120880953159846      -3.653720000000000E-002
           1 f
  0.371781607625698        1.00000000000000
*
*
32
           1 s
  0.807229354819374       0.164155300000000
           1 s
  0.369560717615406       0.414994100000000
           1 s
  0.112510151823675       2.076750000000000E-002
           1 p
  0.560781851510269       2.836000000000000E-003
           1 p
  0.206038330285490       1.818750000000000E-002
           1 d
  0.469074481527535      -3.653720000000000E-002
           1 d
  0.243156461876516      -3.653720000000000E-002
           1 f
  0.434509722950573        1.00000000000000
*
*
33
           1 s
   2.54066503096895      -0.170870200000000
           1 s
   1.85957854335488       0.164155300000000
           1 s
  0.360740049169360       0.414994100000000
           1 s
  0.132371815927332       2.076750000000000E-002
           1 p
  0.539268166699367       2.836000000000000E-003
           1 p
  0.338121538326374       1.818750000000000E-002
           1 d
  0.484820198556624      -3.653720000000000E-002
           1 d
  0.201058446708539      -3.653720000000000E-002
           1 f
  0.475553742012740        1.00000000000000
*
*
34
           1 s
   2.76567215786041      -0.170870200000000
           1 s
   2.14587576248246       0.164155300000000
           1 s
  0.424299720967547       0.414994100000000
           1 s
  0.150856653005721       2.076750000000000E-002
           1 p
  0.698913213868392       2.836000000000000E-003
           1 p
  0.358939662097083       1.818750000000000E-002
           1 d
  0.635040100272841      -3.653720000000000E-002
           1 d
  0.221787619170998      -3.653720000000000E-002
           1 f
  0.511660148385558        1.00000000000000
*
*
35
           1 s
   3.15898652129493      -0.170870200000000
           1 s
   2.42118124595487       0.164155300000000
           1 s
  0.497409926806052       0.414994100000000
           1 s
  0.187894249104942       2.076750000000000E-002
           1 p
  0.816984752960623       2.836000000000000E-003
           1 p
  0.398215417124787       1.818750000000000E-002
           1 d
  0.732072691055157      -3.653720000000000E-002
           1 d
  0.233031686745093      -3.653720000000000E-002
           1 f
  0.573080605880773        1.00000000000000
*
*
36
           1 s
   2.85532020716733      -0.170870200000000
           1 s
   3.10144050238725       0.164155300000000
           1 s
  0.612339368659469       0.414994100000000
           1 s
  0.252111840670570       2.076750000000000E-002
           1 p
  0.611673773087061       2.836000000000000E-003
           1 p
  0.228693222327037       1.818750000000000E-002
           1 d
  0.763870189710009      -3.653720000000000E-002
           1 d
  0.254366913979985      -3.653720000000000E-002
           1 f
  0.490008079226190        1.00000000000000
*
*
37
           1 s
   4.37263386054540        1.25469412000000
           1 s
   1.42250669431622        1.12042389000000
           1 s
   1.37635777941291       0.211711851000000
           1 s
  0.450229955753862      -8.387090120000000E-002
           1 s
  5.412822942382986E-002  0.101492285000000
           1 p
  0.937057497362947      -3.355593070000000E-002
           1 p
  0.380647229168671      -3.355593070000000E-002
           1 p
  5.751594525852870E-002  1.077840090000000E-002
           1 d
  0.126590609626278      -4.158905870000000E-003
*
*
38
           1 s
   4.73925427024840        1.25469412000000
           1 s
   1.97200764773817        1.12042389000000
           1 s
   1.11252257389208       0.211711851000000
           1 s
  0.469688091450039      -8.387090120000000E-002
           1 s
  7.667957417840372E-002  0.101492285000000
           1 p
   1.50794211091192      -3.355593070000000E-002
           1 p
  0.739870136314938      -3.355593070000000E-002
           1 p
  0.111664621853087       1.077840090000000E-002
           1 d
  0.159231427506468      -4.158905870000000E-003
*
*
39
           1 s
   7.57344689686538        1.00000000000000
           1 s
   4.63229921516250        1.00000000000000
           1 s
   4.41344847546484        1.00000000000000
           1 s
  0.988845154779314        1.00000000000000
           1 s
  0.373352805891951        1.00000000000000
           1 s
  8.628742048829148E-002   1.00000000000000
           1 p
   1.23839057782416        1.00000000000000
           1 p
  0.483205877744413        1.00000000000000
           1 p
  0.114570765815155        1.00000000000000
           1 d
  0.686268483508045        1.00000000000000
           1 d
  0.174582336771458        1.00000000000000
           1 f
   1.26172194530887        1.00000000000000
           1 f
  0.190551858355442        1.00000000000000
           1 g
  0.508811764103175        1.00000000000000
*
*
40
          1 s
   6.28705395395257        1.00000000000000
           1 s
   5.74282576798893        1.00000000000000
           1 s
   4.96630408674780        1.00000000000000
           1 s
   1.11208616810956        1.00000000000000
           1 s
  0.374454402831774        1.00000000000000
           1 s
  9.575536029298465E-002   1.00000000000000
           1 p
  0.809474894103636        1.00000000000000
           1 p
  0.696361304757143        1.00000000000000
           1 p
  0.115119179888268        1.00000000000000
           1 d
  0.683921524468987        1.00000000000000
           1 d
  0.158777654984928        1.00000000000000
           1 f
   1.51633019382701        1.00000000000000
           1 f
  0.364790422857300        1.00000000000000
           1 g
  0.823066295449053        1.00000000000000
*
*
41
          1 s
   6.71418567157920        1.00000000000000
           1 s
   6.21436915132042        1.00000000000000
           1 s
   5.63639776501694        1.00000000000000
           1 s
   1.21483073687860        1.00000000000000
           1 s
  0.409250399760942        1.00000000000000     
           1 s
  0.104806038212593        1.00000000000000
           1 p
  0.972966294073956        1.00000000000000
           1 p
  0.848244204077716        1.00000000000000 
           1 p
  0.157582690774924        1.00000000000000     
           1 d 
   1.04758496452002        1.00000000000000      
           1 d
  0.282113485572578        1.00000000000000     
           1 f 
   1.88324526873343        1.00000000000000     
           1 f
  0.319132034594891        1.00000000000000
           1 g
   1.06453711842673        1.00000000000000
*
*
42
           1 s
   6.90686154623290        1.00000000000000
           1 s
   6.60295412025287        1.00000000000000
           1 s
   5.73938762682896        1.00000000000000
           1 s
   1.39020894405756        1.00000000000000
           1 s
  0.506287283384672        1.00000000000000     
           1 s
  0.137084082652904        1.00000000000000
           1 p
   1.18424956111610        1.00000000000000
           1 p
  0.996557160928202        1.00000000000000 
           1 p
  0.179786186925471        1.00000000000000
           1 d
   1.09900744985967        1.00000000000000     
           1 d
  0.274879165468821        1.00000000000000
           1 f 
   2.06951803991538        1.00000000000000     
           1 f 
  0.321043671300863        1.00000000000000
           1 g
   1.36529279521812        1.00000000000000
*
*
43
           1 s
   13.0888319199083        1.00000000000000
           1 s
   7.17589075843515        1.00000000000000
           1 s
   5.17064575561018        1.00000000000000
           1 s
   1.48593911657979        1.00000000000000
           1 s
  0.541425513615353        1.00000000000000
           1 s
  0.137313532301620        1.00000000000000
           1 p
   1.25418300078286        1.00000000000000
           1 p
  0.520030304730181        1.00000000000000
           1 p
  8.337421690829566E-002   1.00000000000000
           1 d
   1.37490381272070        1.00000000000000
           1 d
  0.468564557496693        1.00000000000000
           1 f
   2.36915508474543        1.00000000000000
           1 f
  0.334530901052214        1.00000000000000
           1 g
   1.43604326411704        1.00000000000000
*
*
44
           1 s
   14.0652929628782        1.00000000000000
           1 s
   7.88527832773615        1.00000000000000
           1 s
   5.39354672539208        1.00000000000000
           1 s
   1.62060980641605        1.00000000000000
           1 s
  0.588402787711149        1.00000000000000
           1 s
  0.167006321255800        1.00000000000000
           1 p
  0.775618191700429        1.00000000000000
           1 p
  0.382393064609074        1.00000000000000
           1 p
  0.134959518179816        1.00000000000000
           1 d
   1.30536767036460        1.00000000000000
           1 d
  0.401256088203247        1.00000000000000
           1 f
   2.39673211534375        1.00000000000000
           1 f
  0.415161790700938        1.00000000000000
           1 g
   1.66692257807726        1.00000000000000
*
*
45
           1 s
   9.13620562375410        1.00000000000000
           1 s
   8.80205654838564        1.00000000000000
           1 s
   7.33428775443418        1.00000000000000
           1 s
   1.62854296706569        1.00000000000000
           1 s
  0.561775234962564        1.00000000000000
           1 s
  0.156916180447378        1.00000000000000
           1 p
  0.922042408546589        1.00000000000000
           1 p
  0.359989342401833        1.00000000000000
           1 p
  0.125650676794398        1.00000000000000
           1 d
   1.35801505201822        1.00000000000000
           1 d
  0.359972068366997        1.00000000000000
           1 f
   2.58147670714016        1.00000000000000
           1 f
  0.507544903820303        1.00000000000000
           1 g
   2.00645587780410        1.00000000000000
*
*
46
           1 s
   10.7787247375373        1.00000000000000
           1 s
   8.68217322736009        1.00000000000000
           1 s
   8.14428846427222        1.00000000000000
           1 s
   1.70969668505730        1.00000000000000
           1 s
  0.590343677777372        1.00000000000000
           1 s
  0.167134919089123        1.00000000000000
           1 p
  0.781008123324931        1.00000000000000
           1 p
  0.499576980104791        1.00000000000000
           1 p
  0.136353394296823        1.00000000000000
           1 d
   1.59155755798571        1.00000000000000
           1 d
  0.780926586642277        1.00000000000000
           1 f
   2.88200096936253        1.00000000000000
           1 f
  0.496793766864733        1.00000000000000
           1 g
   2.29474470634891        1.00000000000000

*
*
47
           1 s
   13.1192082154109        1.00000000000000
           1 s
   8.75654341407161        1.00000000000000
           1 s
   8.16921418934152        1.00000000000000
           1 s
   1.88397597812005        1.00000000000000
           1 s
  0.700811126579947        1.00000000000000
           1 s
  0.186964380335964        1.00000000000000   
           1 p
   1.05796075068655        1.00000000000000     
           1 p
  0.381006392551704        1.00000000000000 
           1 p
  0.130069102017036        1.00000000000000
           1 d
   1.38455808296457        1.00000000000000
           1 d
  0.800997373948969        1.00000000000000     
           1 f
   2.28747164314085        1.00000000000000
           1 f 
  0.501449509852651        1.00000000000000     
           1 g 
   2.50889599772499        1.00000000000000
*
*
48
           1 s
   11.4705656170343        1.00000000000000
           1 s
   10.2986058665912        1.00000000000000
           1 s
   8.79909882965073        1.00000000000000
           1 s
   2.06868549573347        1.00000000000000
           1 s
  0.790825656843758        1.00000000000000
           1 s
  0.213797569922931        1.00000000000000
           1 p
  0.877941281627226        1.00000000000000
           1 p
  0.392981770371086        1.00000000000000
           1 p
  0.173731714163018        1.00000000000000
           1 d
   1.90515097154659        1.00000000000000
           1 d
  0.921583466494230        1.00000000000000
           1 f
   3.18802618961165        1.00000000000000
           1 f
  0.418262316012391        1.00000000000000
           1 g
   2.61303848172434        1.00000000000000
*
*
49
           1 s
   1.20708400014062       0.164155300000000
           1 s
  0.886488349956988      -0.170870200000000
           1 s
  0.240221769022874       0.414994100000000
           1 s
  7.734032619004763E-002  2.076750000000000E-002
           1 p
  0.256695947150480       2.836000000000000E-003
           1 p
  0.132006461434050       1.818750000000000E-002
           1 d
  0.244874834886544      -3.653720000000000E-002
           1 d
  9.909420036574201E-002 -3.653720000000000E-002
           1 f
  0.274168994213658        1.00000000000000
*
*
50
           1 s
   1.62246599558551      -0.170870200000000
           1 s
   1.05925520885184       0.164155300000000
           1 s
  0.270551613769860       0.414994100000000
           1 s
  9.588358892042011E-002  2.076750000000000E-002
           1 p
  0.312157459132850       2.836000000000000E-003
           1 p
  0.163696249171967       1.818750000000000E-002
           1 d
  0.299749319435729      -3.653720000000000E-002
           1 d
  0.182667343575802      -3.653720000000000E-002
           1 f
  0.332831656591889        1.00000000000000
*
*
51
           1 s
   1.34877833879472      -0.170870200000000
           1 s
   1.26420595211769       0.164155300000000
           1 s
  0.298427968056031       0.414994100000000
           1 s
  0.118540547436335       2.076750000000000E-002
           1 p
  0.347463668696300       2.836000000000000E-003
           1 p
  0.264591375612813       1.818750000000000E-002
           1 d
  0.313478424224469      -3.653720000000000E-002
           1 d
  0.165171088984113      -3.653720000000000E-002
           1 f
  0.363396188660600        1.00000000000000
*
*
52
           1 s
   1.53137090027342      -0.170870200000000
           1 s
   1.27071450927652       0.164155300000000
           1 s
  0.380147313935482       0.414994100000000
           1 s
  0.165795084488363       2.076750000000000E-002
           1 p
  0.438259607005931       2.836000000000000E-003
           1 p
  0.195772604550045       1.818750000000000E-002
           1 d
  0.450927400162322      -3.653720000000000E-002
           1 d
  0.264613209079762      -3.653720000000000E-002
           1 f
  0.352495554338904        1.00000000000000
*
*
53
           1 s
   1.80752762179449        1.00000000000000
           1 s
   1.39357187515277       0.164155300000000
           1 s
  0.395759135577470       0.414994100000000
           1 s
  0.159304090683328       2.076750000000000E-002
           1 p
  0.310991917578271       2.836000000000000E-003
           1 p
  0.483153465180938       1.818750000000000E-002
           1 d
  0.458074949748254      -3.653720000000000E-002
           1 d
  0.201510361167568      -3.653720000000000E-002
           1 f
  0.401201775986564        1.00000000000000
*
*
54
           1 s
   1.86229379704228        1.00000000000000
           1 s
   1.49096737976634       0.164155300000000
           1 s
  0.506451339750559       0.414994100000000
           1 s
  0.214854703051867       2.076750000000000E-002
           1 p
  0.176409464085774       2.836000000000000E-003
           1 p
  0.356202074265833       1.818750000000000E-002
           1 d
  0.465204597309448      -3.653720000000000E-002
           1 d
  0.187169030292663      -3.653720000000000E-002
           1 f
  0.276438317026621        1.00000000000000
*
*
55
           1 s
   2.13729392114863       0.211711851000000
           1 s
   1.77921224474952        1.25469412000000
           1 s
  0.450355901802357      -8.387090120000000E-002
           1 s
  5.474741212127822E-002  0.101492285000000
           1 p
  0.426956346779339      -3.355593070000000E-002
           1 p
  0.294734140632335      -3.355593070000000E-002
           1 p
  5.048255111383341E-002  1.077840090000000E-002
           1 d
  0.140372993699321      -4.158905870000000E-003
*
*
57
           1 s
   5.93273649860907        1.00000000000000
           1 s
   3.24515714525482        1.00000000000000
           1 s
   1.96658037781430        1.00000000000000
           1 s
  0.697334652684626        1.00000000000000
           1 s
  0.271933758489639        1.00000000000000
           1 s
  6.481057599373678E-002   1.00000000000000
           1 p
   1.66272488135726        1.00000000000000
           1 p
  0.350783117209399        1.00000000000000
           1 p
  6.653468387995229E-002   1.00000000000000
           1 d
  0.289322769122048        1.00000000000000
           1 d
  8.525161169815891E-002   1.00000000000000
           1 f
  0.750431035889551        1.00000000000000
           1 f
  0.100067281457052        1.00000000000000
           1 g
  0.411972360922504        1.00000000000000
*
*
72
           1 s
   10.8202383420961        1.00000000000000
           1 s
   6.97859677081703        1.00000000000000
           1 s
   4.88983391870125        1.00000000000000
           1 s
   1.08788603829864        1.00000000000000
           1 s
  0.220477885679094        1.00000000000000
           1 s
  6.263225757610853E-002   1.00000000000000
           1 p
  0.605298201240816        1.00000000000000
           1 p
  0.422612552243148        1.00000000000000
           1 p
  0.178520145215513        1.00000000000000
           1 d
  0.971732163912109        1.00000000000000
           1 d
  0.292285436960666        1.00000000000000
           1 f
   1.48495468187027        1.00000000000000
           1 f
  0.270349281989884        1.00000000000000
           1 g
  0.704833348553417        1.00000000000000
*
*
73
           1 s
   10.4055092966419        1.00000000000000
           1 s
   6.34176263822250        1.00000000000000
           1 s
   4.89331742171160        1.00000000000000
           1 s
   1.31223024706397        1.00000000000000
           1 s
  0.454753290766531        1.00000000000000
           1 s
  0.126390197365100        1.00000000000000
           1 p
   1.15465852600034        1.00000000000000
           1 p
  0.606824266076051        1.00000000000000
           1 p
  0.166857971440549        1.00000000000000
           1 d
  0.880278630590303        1.00000000000000
           1 d
  0.259171300308052        1.00000000000000
           1 f
   1.72283407950330        1.00000000000000
           1 f
  0.316562111183358        1.00000000000000
           1 g
  0.896953738058365        1.00000000000000
*
*
74
           1 s
   12.9473641836101        1.00000000000000
           1 s
   6.10532315224612        1.00000000000000
           1 s
   5.07288165181954        1.00000000000000
           1 s
   1.37766637360837        1.00000000000000
           1 s
  0.453288723358915        1.00000000000000
           1 s
  0.129699634641135        1.00000000000000
           1 p
   1.30284682050919        1.00000000000000
           1 p
  0.704896292810905        1.00000000000000
           1 p
  0.197320014925285        1.00000000000000
           1 d
  0.836706203238763        1.00000000000000
           1 d
  0.257118423392746        1.00000000000000
           1 f
   2.03009637610224        1.00000000000000
           1 f
  0.302931026057052        1.00000000000000
           1 g
   1.09511437952689        1.00000000000000
*
*
75
           1 s
   18.1431302981312        1.00000000000000
           1 s
   6.62445268254061        1.00000000000000
           1 s
   4.33599856532962        1.00000000000000
           1 s
   1.62010178034852        1.00000000000000
           1 s
  0.548680297359697        1.00000000000000
           1 s
  0.151769389469748        1.00000000000000
           1 p
   1.73231458621443        1.00000000000000
           1 p
  0.726447521306926        1.00000000000000
           1 p
  0.271195317107146        1.00000000000000
           1 d
   1.08810472671346        1.00000000000000
           1 d
  0.372703269803226        1.00000000000000
           1 f
   2.00993579828723        1.00000000000000
           1 f
  0.380904949554428        1.00000000000000
           1 g
   1.15554473329987        1.00000000000000
*
*
76
           1 s
   12.9073884626955        1.00000000000000
           1 s
   6.38029106496100        1.00000000000000
           1 s
   5.51585928161718        1.00000000000000
           1 s
   1.58284438724246        1.00000000000000
           1 s
  0.576977211667261        1.00000000000000
           1 s
  0.178081463379046        1.00000000000000
           1 p
  0.643941790326751        1.00000000000000
           1 p
  0.327532589151961        1.00000000000000
           1 p
  0.107613964993814        1.00000000000000
           1 d
   1.10933521342814        1.00000000000000
           1 d
  0.411461457614376        1.00000000000000
           1 f
   2.02506555567918        1.00000000000000
           1 f
  0.406280032182221        1.00000000000000
           1 g
   1.31048188691313        1.00000000000000
*
*
77
           1 s
   16.9573008616282        1.00000000000000
           1 s
   6.52822358338804        1.00000000000000
           1 s
   5.37774397019209        1.00000000000000
           1 s
   1.72401460867042        1.00000000000000
           1 s
  0.629262812592615        1.00000000000000
           1 s
  0.188963057499856        1.00000000000000
           1 p
  0.794424905634893        1.00000000000000
           1 p
  0.339353747227006        1.00000000000000
           1 p
  0.139166375082876        1.00000000000000
           1 d
   1.01532142657453        1.00000000000000
           1 d
  0.325212279254887        1.00000000000000
           1 f
   2.03133932859310        1.00000000000000
           1 f
  0.468318437281178        1.00000000000000
           1 g
   1.55467429237108        1.00000000000000
*
*
78
           1 s
   9.04695913927079        1.00000000000000
           1 s
   8.43476549602513        1.00000000000000
           1 s
   6.44294261592417        1.00000000000000
           1 s
   1.62766411798316        1.00000000000000
           1 s
  0.603512633245190        1.00000000000000
           1 s
  0.197276241588755        1.00000000000000
           1 p
  0.861515858526871        1.00000000000000
           1 p
  0.311333167521808        1.00000000000000
           1 p
  0.226855160476114        1.00000000000000
           1 d
   1.32813803376044        1.00000000000000
           1 d
  0.754969671656785        1.00000000000000
           1 f
   2.28219425257945        1.00000000000000
           1 f
  0.468648570425981        1.00000000000000
           1 g
   1.77057347889812        1.00000000000000
*
*
79
          1 s
   10.4354689070237        1.00000000000000
           1 s
   7.69957529510550        1.00000000000000
           1 s
   6.71936045971829        1.00000000000000
           1 s
   1.72225820378901        1.00000000000000
           1 s
  0.652814310312264        1.00000000000000
           1 s
  0.220723709287103        1.00000000000000
           1 p
   1.25967732734506        1.00000000000000
           1 p
  0.760365134852834        1.00000000000000
           1 p
  0.199377993984397        1.00000000000000
           1 d
   1.06015359979493        1.00000000000000
           1 d
  0.451334294732535        1.00000000000000
           1 f
   2.50380642975913        1.00000000000000
           1 f
  0.604974498222855        1.00000000000000
           1 g
   1.98749251643654        1.00000000000000
*
*
80
          1 s 
   18.9532699334227        1.00000000000000
           1 s
   8.06177715265735        1.00000000000000
           1 s
   5.42251730065557        1.00000000000000
           1 s
   2.03223167570410        1.00000000000000
           1 s
  0.806389014290672        1.00000000000000
           1 s
  0.251950442112830        1.00000000000000
           1 p
  0.786224916325747        1.00000000000000
           1 p
  0.347094660922005        1.00000000000000
           1 p
  0.139966653288426        1.00000000000000
           1 d
   2.01370343731525        1.00000000000000
           1 d
   1.15561050318468        1.00000000000000
           1 f
   1.71763765048082        1.00000000000000
           1 f
  0.592999549326737        1.00000000000000
           1 g
   2.34607222691474        1.00000000000000
*
*
81
           1 s
   1.05281910448608      -0.170870200000000
           1 s
  0.945762527270403       0.164155300000000
           1 s
  0.259303823846366       0.414994100000000
           1 s
  7.572038507815827E-002  2.076750000000000E-002
           1 p
  0.185853076921097       2.836000000000000E-003
           1 p
  8.408676174732756E-002  1.818750000000000E-002
           1 d
  0.232135223664695      -3.653720000000000E-002
           1 d
  9.997377990194187E-002 -3.653720000000000E-002
           1 f
  0.275847962961152        1.00000000000000
*
*
82
           1 s
   1.02449744006091      -0.170870200000000
           1 s
  0.945379789414670       0.164155300000000
           1 s
  0.260183763232757       0.414994100000000
           1 s
  8.347530885394074E-002  2.076750000000000E-002
           1 p
  0.214181204080327       2.836000000000000E-003
           1 p
  0.160478373986359       1.818750000000000E-002
           1 d
  0.235463569115705      -3.653720000000000E-002
           1 d
  0.145120935101005      -3.653720000000000E-002
           1 f
  0.279978456190991        1.00000000000000
*
*
83
           1 s
  0.476658128021354       0.164155300000000
           1 s
  0.351278295687178       0.414994100000000
           1 s
  0.112198326959105       2.076750000000000E-002
           1 p
  0.270205680594464       2.836000000000000E-003
           1 p
  0.242494690967855       1.818750000000000E-002
           1 d
  0.301258810163591      -3.653720000000000E-002
           1 d
  0.175525777173660      -3.653720000000000E-002
           1 f
  0.302929324291612        1.00000000000000
*
*
84
           1 s
   1.56921206258724      -0.170870200000000
           1 s
   1.01789137254199       0.164155300000000
           1 s
  0.350612930254409       0.414994100000000
           1 s
  0.149029484618855       2.076750000000000E-002
           1 p
  0.390531229727019       2.836000000000000E-003
           1 p
  0.185987149545535       1.818750000000000E-002
           1 d
  0.317962135636581      -3.653720000000000E-002
           1 f
  0.316940086141652        1.00000000000000
*
*
85
           1 s
   1.58347870443569        1.00000000000000
           1 s
   1.19971047699315       0.164155300000000
           1 s
  0.369354392720832       0.414994100000000
           1 s
  0.150904929178830       2.076750000000000E-002
           1 p
  0.266812397929551       2.836000000000000E-003
           1 p
  0.459062922968970       1.818750000000000E-002
           1 d
  0.384192423261232      -3.653720000000000E-002
           1 d
  0.177600925457490      -3.653720000000000E-002
           1 f
  0.392310329901706        1.00000000000000
*
*
86
           1 s
   1.58034835466668        1.00000000000000
           1 s
   1.20149521855603       0.164155300000000
           1 s
  0.477288519775042       0.414994100000000
           1 s
  0.207173321198437       2.076750000000000E-002
           1 p
  0.163595123215311       2.836000000000000E-003
           1 p
  0.347213034775344       1.818750000000000E-002
           1 d
  0.389244125125157      -3.653720000000000E-002
           1 d
  0.180435869835705      -3.653720000000000E-002
           1 f
  0.277489755908752        1.00000000000000
*
