* # Powell opt. Sun Jan  9 22:32:23
 1
           5 s
   81.8867808750392       8.423954178607741E-003
   12.2310638613882       6.486128534979155E-002
   2.78681514418300       0.311400883615701     
  0.775786677407768       0.985308081720946     
  0.223433692783382        1.25681996288288     
           3 s
  0.331097483644172       5.229230079367555E-002
  0.107455350812481       0.104139302794245     
  5.068050836473430E-002  0.245115714359886     
           2 p
   1.41704368419299       0.759765848610671     
  0.290781406697424        1.52284462609757     
*
* # Powell opt. Sun Jan  9 22:32:23
 2
           5 s
   248.304359266256       5.013791761401625E-003
   39.2573598599833       3.498370152482973E-002
   9.29024287298661       0.162973195616863     
   2.65067894829858       0.489691016372947     
  0.811596267578816       0.932899350712677     
           3 s
  0.268607161927837       0.222877468587753     
  0.345025805947542       6.211111284175633E-002
  0.102007122911452       9.134242922580731E-002
           2 p
   1.31004171260559       0.696987984441538     
  0.265008725378888       0.178488628759894     
*
* # Powell opt. Sun Jan  9 22:32:23
 3
           5 s
   261.504397395816       7.995837267553254E-003
   39.4350606125950       5.875334576752514E-002
   8.90300262890217       0.251012919032166     
   2.31212853673840       0.601136930396338     
  0.673560740522290       0.478266124633722     
           3 s
  0.637937919385201      -0.146472924114813     
  6.304721566500952E-002  0.821661055674195     
  2.013493090791047E-002  3.477351480311819E-002
           2 s
  2.918768367474989E-002   1.06264588349763     
  1.476282429905036E-002   1.09550971561002     
           3 p
   1.60768580895060       8.880833920606998E-002
  0.261313614186223       0.424066699835415     
  7.870444173143244E-002  0.737998244728031     
           2 d
  0.248573704370931       0.694743515137142     
  8.841584908186156E-002  0.788715353454613     
*
* # Powell opt. Sun Jan  9 22:32:23
 4
           5 s
   510.032398065642       5.805184624777923E-003
   76.4055567974287       4.334204612532117E-002
   17.2552505088928       0.188908143113901     
   4.58601001828676       0.469633572219855     
   1.35643051200906       0.395896576116606     
           3 s
   1.62892337145868      -0.134493067134655     
  0.158484974791453       0.944737331855137     
  6.390289245616732E-002  0.171032012077399     
           2 s
  5.698489884011764E-002  0.893658825535656     
  2.915465387546414E-002   1.46300049922308     
           3 p
   2.65889413452842       2.530216475913874E-002
  0.449379800838830       0.144909124946394     
  0.113066880133065       0.200552018717091     
           2 d
  0.458082080026774       0.881395926544720     
  0.118291023216858       0.993425036644207     
*
* # Powell opt. Sun Jan  9 22:32:23
 5
           4 s
   1.54861075096810      -0.375453530716641     
   1.23087252721814       0.296383194735185     
  0.288936160855145       0.400281132411446     
  0.105945534640368       0.252339650517215     
           2 s
  0.149430266146491       0.631907262941431     
  4.607837864673536E-002  0.717819753504494     
           4 p
   6.82462564214998       3.205505479755914E-002
   1.78684146788631       0.168629590400805     
  0.529445685475659       0.508222453208568     
  0.171288703177855       0.449200455123818     
           2 p
  0.137855130394765        1.12276289196323     
  4.563892688705397E-002   1.68808792071780     
           2 d
  0.685952928321412        1.20231771208041     
  0.217177410256293        1.37813682980690     
*
* # Powell opt. Sun Jan  9 22:32:23
 6
           4 s
   2.17498779033495      -0.276058910822694     
   1.85222694651016       0.240154751117743     
  0.459098487623233       0.191124862153488     
  0.169128986464754       8.729446745144773E-002
           2 s
  0.227455022611167       0.987938126697960     
  8.691859095664414E-002   1.01665078897703     
           4 p
   12.8700853336837       2.474143817991590E-002
   3.29544358304637       0.152192079858408     
  0.976645717756139       0.448674298135244     
  0.348425197117607       0.494756938314977     
           2 p
  0.146489481077084        1.59441581131060     
  6.373391428869210E-002  0.807859142831441     
           2 d
   1.02531792542753       0.833187865352539     
  0.250249064514424       0.858263567335921     
*
* # Powell opt. Sun Jan  9 22:32:23
 7
           4 s
   2.73537858293064      -0.239593796561468     
   2.21980059872896       0.224989693360644     
  0.592708671544728       0.194517761228800     
  0.227406999886377       9.812557569901831E-002
           2 s
  0.280435456825790       0.853515477479943     
  0.105373393766936        1.13072724050669     
           4 p
   19.1045284761555       1.179263749907880E-002
   4.83101384630514       7.290028722149187E-002
   1.45496950594046       0.205542762778293     
  0.494779046500918       0.258358206617887     
           2 p
  0.178530326116803        1.24214669794584     
  6.861865221406679E-002  0.429051028293024     
           2 d
   1.23081295476094        1.26189414996331     
  0.370851969192961        1.18165956692599     
*
* # Powell opt. Sun Jan  9 22:32:23
 8
           4 s
   3.54364182058582      -0.263554292988168     
   2.71271747549739       0.265678831422529     
  0.683184525058146       0.279087292612211     
  0.255976739185305       0.112868556239495     
           2 s
  0.286500025366724        1.02759457732443     
  0.123012019465329        1.15916651612494     
           4 p
   27.0038418203772       1.247015454501545E-002
   6.76265496618307       7.452077623399785E-002
   2.01170459862768       0.210079890980782     
  0.634428348948929       0.291319728722480     
           2 p
  0.199067660398638        1.51241365952727     
  6.564362203855441E-002  0.312634979069872     
           2 d
   1.36610934036736       0.858294230858700     
  0.461931641275143       0.846034666145681     
*
* # Powell opt. Sun Jan  9 22:32:23
 9
           4 s
   7.03486115137323      -0.446046417536847     
   4.87293229591711       0.241120382569198     
   1.33087832302556       0.666593307204097     
  0.525469722668741       0.781917161283757     
           2 s
  0.821266047562606       0.135544243990660     
  0.198341185022487       0.993554010065572     
           4 p
   35.5261000397682       2.681824990141012E-002
   9.09357054256893       0.133596681057906     
   2.68541322638608       0.376326355144376     
  0.833678395080449       0.516681452384392     
           2 p
  0.262279770685894       0.931221931175320     
  8.239624115083885E-002  0.200669872601757     
           2 d
   1.45491245108326        1.36942872707533     
  0.446498292031405        1.46656403545201     
*
* # Powell opt. Sun Jan  9 22:32:23
10
           4 s
   8.48924668400387      -0.347292505124767     
   6.85898119048526       0.245081910868947     
   1.54658898479167       0.469097296541809     
  0.591220146957211       0.420244539213587     
           2 s
  0.610042488049145       0.179886702371581     
  0.246146061625350       0.863735356620379     
           4 p
   56.5535487114114       1.877259425520648E-002
   14.6252367203226       0.120805801359478     
   4.51433262089714       0.349884735185192     
   1.54225645270719       0.539626854570380     
           2 p
  0.528648357726367        2.00033257258795     
  0.177908115678919       0.613841726886846     
           2 d
   1.87382107630931       0.549821332034521     
  0.462055677235533        1.47226860364371     
*
* # Powell opt. Sun Jan  9 22:32:23
11
           4 s
   17.8594699798143      -9.463939536492276E-002
   1.74158949195129       0.454368094758660     
  0.671216662419478       0.326110219633612     
  0.356748679883699       9.973334828796372E-002
           3 s
   1.04053223861911        1.12892845996114     
  0.363586481173771       0.971270254415574     
  3.078866998041456E-002  0.725021277865661     
           2 s
  6.338859472303171E-002  0.461074706312469     
  2.788658995683390E-002  0.865217967752839     
           5 p
   94.4089009077408       2.228552040412133E-002
   22.8330353439111       0.141094814335815     
   7.39230858998783       0.456452935831813     
   2.70048152381410       0.811931701138915     
  0.980041469729433       0.865637159209604     
           3 p
   2.66729152820851      -5.824466878861219E-003
  0.336960843152132       0.524769342105160     
  5.529798619056873E-002  1.176723474665272E-002
           2 d
  0.317736281461799       0.216305744637804     
  5.039944891191075E-002   1.08452052835648     
*
* # Powell opt. Sun Jan  9 22:32:23
12
           4 s
   21.7460780008633      -0.107712415417203     
   2.05469396368200       0.605039945128679     
  0.775378201880917       0.358253218691254     
  0.646755053401659       0.124456587447732     
           3 s
   1.51803587406501       0.953325303523385     
  0.626648472409204       0.885052846709196     
  6.134246905614082E-002  0.663200597405635     
           2 s
  0.114525781742183        1.10282115370117     
  4.914379866761057E-002   1.26282719703476     
           5 p
   98.1499215777713       2.003053229727108E-002
   22.9869017746254       0.130645961601314     
   7.07370441331353       0.416305903439096     
   2.35746336033344       0.664621574936234     
  0.776737081590317       0.460953274263713     
           3 p
   3.77130181095380      -8.032934562034364E-003
  0.189166874641788       0.340369688597086     
  6.841987929329398E-002  0.260127856330083     
           2 d
  0.401806625039992       0.846622892965957     
  0.102441134000946        1.53389345856966     
*
* # Powell opt. Sun Jan  9 22:32:23
13
           4 s
   3.30705795086213       3.588767938384335E-002
   1.06499066661075      -0.301434323135238     
  0.217094967606705       0.408003674147194     
  0.103399050794701       0.504944565235723     
           2 s
  9.132654922256675E-002  0.267250123331849     
  4.038468470950146E-002  0.424093785537626     
           4 p
  0.966979219663468      -9.359351012930060E-002
  0.418602698431995       0.186041911561638     
  0.179016462009358       0.364571859325278     
  9.277453202579522E-002  0.270083093687055     
           2 p
  0.101275278069250       0.562522659033787     
  3.290369192677731E-002  0.829515939896984     
           2 d
  0.653520505846232       0.545097705481079     
  0.177964130832299        1.14922825011090     
*
* # Powell opt. Sun Jan  9 22:32:23
14
           4 s
   4.20606176381803       3.604610037862183E-002
   1.37902975367020      -0.278621659841540     
  0.265740193554717       0.514032304553670     
  0.112502697536701       0.365777551978630     
           2 s
  0.133673616793710       0.251860678645893     
  4.829785943970085E-002   1.00191221723095     
           4 p
   1.36750545941224      -4.531179416966398E-002
  0.391314943211862       0.288581385276753     
  0.158228930720942       0.372264544458070     
  6.893766722473926E-002  0.100776575608930     
           2 p
  0.117817448223187       0.511784304415172     
  4.106765592453850E-002  0.790699182239615     
           2 d
   1.22980328585714       0.317490526212384     
  0.304062845855467        1.16080210236846     
*
* # Powell opt. Sun Jan  9 22:32:23
15
           4 s
   7.49269091295999       3.621125693781447E-002
   1.52097969250444      -0.410346524622099     
  0.389986469516573       0.590431160496919     
  0.185944246895989       0.700026469132572     
           2 s
  0.426277431341986       6.694620960371159E-002
  7.564115540051279E-002  0.662868977638318     
           4 p
   1.18244980241771      -7.070833458565552E-002
  0.716815122233311       0.179798137437340     
  0.284356002842234       0.347185537499190     
  0.119844662929401       0.186156103438833     
           2 p
  0.104174736898834       0.642173678179287     
  4.299654065014112E-002  0.592979489331625     
           2 d
   1.69516296042313       0.257470657436119     
  0.351822528642058        1.08909414313551     
*
* # Powell opt. Sun Jan  9 22:32:23
16
           4 s
   7.60135526947176       4.644466433541525E-002
   1.92712121872335      -0.464421807154846     
  0.521456307464743       0.575890670866605     
  0.230532240510065       0.826584502526865     
           2 s
  0.470005347878995       0.136072106018964     
  8.346921042208452E-002   1.01912141596202     
           4 p
   1.71163925783715      -0.172150677616090     
   1.15727616017168       0.256510381180842     
  0.449727077619217       0.514122297268558     
  0.195290728698802       0.449898131647358     
           2 p
  0.121042410856436       0.700057493662356     
  6.104391531998530E-002  0.824465481914678     
           2 d
   1.77775111826807       0.301983328801375     
  0.404467069553687        1.09879294592768     
*
* # Powell opt. Sun Jan  9 22:32:23
17
           4 s
   14.1511314131805       1.760365583012296E-002
   2.05769774375499      -0.379080686342735     
  0.825720874850371       0.374023499124676     
  0.302442901803816       0.721003299953126     
           2 s
  0.514888452514729       0.170089201402102     
  9.870632299483355E-002  0.945113577067391     
           4 p
   2.84417427125301      -0.135762495160489     
   1.37751562857898       0.223435753709267     
  0.619123933123525       0.728151126508458     
  0.261922095679505       0.819017057902513     
           2 p
  0.126421788723705       0.990717918733083     
  7.398804600786506E-002  0.696607999630255     
           2 d
   1.92221081473857       0.588629611664179     
  0.428318736672268        1.93785192711723     
*
* # Powell opt. Sun Jan  9 22:32:23
18
           4 s
   14.9401011223223       1.152186122813835E-002
   2.24316563628522      -0.558968080854473     
   1.43897092657767       0.473342341499905     
  0.406876486290457       0.631293265006776     
           2 s
  0.440259652763497       6.924930830980688E-002
  0.161875873541989        1.60302354292126     
           4 p
   3.16548451116550      -7.726166651066731E-002
   1.11111171980347       0.471181733030391     
  0.414649437580653       0.751059102315429     
  0.162616494311177       0.223201162944267     
           2 p
  0.154347795708942        1.47256477417099     
  7.127089150119537E-002  0.581126940968504     
           2 d
   1.46781303780062       0.644461354175551     
  0.399396403391191        1.40142058317382     
*
* # Powell opt. Sun Jan  9 22:32:23
19
           4 s
   3.00732703245061       9.302729112686776E-002
   2.69840657972194      -0.658982655115888     
   1.37739647912135       0.329149150982517     
  0.566857913460640       0.571439550433275     
           3 s
   2.87952801396373       0.236960596331550     
  0.720054811589227       0.261261352609212     
  0.253263792669375       0.935141735470718     
           2 s
  4.054835682287813E-002  7.518145843490893E-002
  2.123517730701559E-002  9.597253751757819E-002
           4 p
   10.0501804448849      -3.829439140160326E-002
  0.970382465195573       0.676417804368341     
  0.369984474871184       0.614536074025838     
  0.150415846213866       0.165603152595953     
           3 p
   3.44674388408471      -6.164463636202036E-003
  0.104295678831297       0.105081807181873     
  5.011621696166672E-002  0.651172675801563     
           2 d
  0.721775287376296       0.567971496419804     
  0.112761619025347        1.06614498342032     
*
* # Powell opt. Sun Jan  9 22:32:23
20
           4 s
   2.71930135153458      -7.897864482061058E-002
   1.88327565136819       0.187115863443352     
  0.642163903597866       0.589578641721182     
  0.336487867316674       0.370804234632466     
           3 s
   3.02632432033794      -0.233621817613130     
   1.24228322650867       0.166011018415539     
  5.348834828340474E-002  3.585105567509320E-002
           2 s
  5.837336749374657E-002   1.09442698040036     
  2.992164232577088E-002  0.431156605007223     
           4 p
   10.4115130396034      -2.176110522196274E-002
   1.18120185294167       0.307819154634696     
  0.472806545197210       0.269256985338676     
  0.206363671313866       6.840670192198159E-002
           3 p
   1.10396352552999      -9.366778560473431E-003
  9.221062601395011E-002  0.588635174997754     
  7.655059124948181E-003  2.865501889190215E-002
           2 d
   1.46657234954632       0.333010877273694     
  0.261547289431361       0.740339846732592     
*
* # Powell opt. Sun Jan  9 22:32:23
21
           5 s
   13.9951990531250       8.073449559331806E-002
   4.87543006091568      -0.572310671129279     
   1.28582116562578       0.292657347345833     
  0.649279955807075       0.275517022569854     
  0.281810508281674       0.193279273832185     
           2 s
   1.01987148202637       0.499898781692130     
  0.534190971352912       0.431051668372568     
           2 s
  7.038798636329847E-002   1.34111327647987     
  2.777210116094195E-002  0.588995334946992     
           4 p
   6.35186576507938      -9.154933218394300E-002
   1.93733854649558       0.339609901509760     
  0.808057822883756       0.585651831330813     
  0.311837218515249       0.260171403982815     
           2 p
  4.237880631010299E-002  0.981334975605029     
  2.329330242223723E-002   1.45475936432181     
           4 d
   13.1676344821433       4.386137494726979E-002
   3.83304823511194       0.192763434871291     
   1.24342183212409       0.410329124916845     
  0.377758279101381       0.524391768641611     
           2 d
  0.111902803699194       0.888639578536992     
  3.464285765047810E-002  0.585359036364128     
*
* # Powell opt. Sun Jan  9 22:32:23
22
           5 s
   16.0067332914595       6.745142077288983E-002
   5.09653798136951       -1.28546165394881     
   4.88934735363490       0.772564080859172     
   1.50424635512603       0.479344584096013     
  0.279031222821789       0.125821095417625     
           2 s
  0.728162919800418       0.810934156596811     
  0.286058224107520       2.397392633191303E-002
           2 s
  7.608253785200846E-002   1.39468791563276     
  2.805021925183929E-002  0.411397516849944     
           4 p
   7.19602421214963      -3.660061468356444E-002
   2.28032799833757       0.125361885657065     
  0.971876808279862       0.223382870060173     
  0.379927807232064       0.106967644035981     
           2 p
  0.126053829045742        1.93300480962159     
  4.441200504929620E-002   1.45363563714475     
           4 d
   21.9138418721288       4.275515947702445E-002
   7.30468780226020       0.202042508766417     
   2.63075748627761       0.541734926027295     
  0.942922839306706       0.815330948966573     
           2 d
  0.330595162542821        1.16612811343845     
  0.103452504021616       0.799736916078258     
*
* # Powell opt. Sun Jan  9 22:32:23
23
           5 s
   16.5687587177446       9.062437572961872E-002
   6.35533513522581      -0.541185293697418     
   1.47893721367251       0.445545782886741     
  0.507591639992241       4.797909406937943E-002
  0.406742486854633       0.122877883208237     
           2 s
   1.05397946457200        1.08191715202393     
  0.501325876530599       0.496568851905851     
           2 s
  9.035978428090899E-002   1.68326917742776     
  3.639325898212691E-002  0.910633776368428     
           4 p
   8.06017843888532      -8.434603062279022E-002
   2.65779560491817       0.271065967648448     
   1.11436332416011       0.501842136405968     
  0.425663203356735       0.243172886899758     
           2 p
  0.133121920263944       0.925175862554529     
  4.286073297238562E-002   1.14831816034044     
           4 d
   23.3971971859298       4.045979618957028E-002
   7.07480153680341       0.210954659586019     
   2.34650454889439       0.522266017948014     
  0.748923759909684       0.680082078984134     
           2 d
  0.229007086791178       0.873079593463516     
  6.892234859009194E-002  0.532333334063921     
*
* # Powell opt. Sun Jan  9 22:32:23
24
           5 s
   18.9969130496469       0.107614931822736     
   6.93753499777643      -0.706419036912466     
   1.82978566006052       0.561450668461863     
  0.914096403315582       0.811687804835515     
  0.648186439484706       0.117989909182682     
           2 s
   1.38639129946174        1.15269289781920     
  0.410277413735568        1.12626292483174     
           2 s
  0.103714731577186        1.25451608375619     
  3.753683727663164E-002  0.766929937866717     
           4 p
   9.30531372853287      -6.563186046944378E-002
   2.79109510365193       0.251412943456950     
   1.16482589346939       0.408154313405624     
  0.444748645067196       0.180003277038637     
           2 p
  0.101083962347357       0.609630155852459     
  1.843750324732901E-002  0.919160636581015     
           4 d
   28.3133759623061       3.888054858910073E-002
   8.88218088772761       0.199906224697126     
   3.09756990035920       0.495575480656110     
   1.08440867164594       0.659663677758003     
           2 d
  0.361069915937376       0.994307556643225     
  0.110390075689172       0.588753566180890     
*
* # Powell opt. Sun Jan  9 22:32:23
25
           5 s
   21.2375516451804       0.115627815903511     
   7.73710870467157      -0.754362141933917     
   1.87553305675596       0.628140377433998     
  0.990334799813533       0.382327403862870     
  0.493285041391989       0.285426059724738     
           2 s
   1.48880723333002        1.63922529833219     
  0.741463132119076        1.10207466645286     
           2 s
  0.105062325148840        1.56972487396113     
  4.298600328107317E-002   1.26480152538562     
           4 p
   10.5155703181171      -9.652382441183681E-002
   3.08139941144232       0.377572351734016     
   1.30454814674820       0.595851612058589     
  0.516319332731115       0.267961411846830     
           2 p
  0.345046586540281       0.704264003014047     
  0.123984371209280        1.48586657575239     
           4 d
   34.7381963918572       4.364048436225074E-002
   11.2259594196060       0.229748397876282     
   4.02049046065410       0.595139601957233     
   1.45068336963416       0.841116641740195     
           2 d
  0.487106061112214        1.03461570012094     
  0.146043423004961       0.618756613422287     
*
* # Powell opt. Sun Jan  9 22:32:23
26
           5 s
   22.4500180082961       9.878614519169275E-002
   8.79909427202949      -0.569448020395487     
   1.78945576826773       0.955104780777197     
  0.864524682224361       0.500427536942375     
  0.503319659948581       0.183500612914188     
           2 s
   1.49780888730097       0.914179474205384     
  0.566450949831149       0.620521351489775     
           2 s
  0.129471576428158        1.12981800426779     
  4.515839366674772E-002  0.845521924075378     
           4 p
   11.7656962890991      -8.863696181547948E-002
   3.37597058601223       0.361818961011087     
   1.40997009111626       0.553162982774542     
  0.555407032114807       0.229511145681732     
           2 p
  0.257483699119427        1.03016181125792     
  9.990885610125698E-002  0.681890408374564     
           4 d
   39.9209111347690       3.283931487640970E-002
   12.8087003769812       0.175865221390585     
   4.61544331202090       0.453857405728091     
   1.68759905763570       0.637363422620928     
           2 d
  0.578475199632045        1.70688111667377     
  0.177843666058176       0.914019401555124     
*
* # Powell opt. Sun Jan  9 22:32:23
27
           5 s
   23.9993344896835       0.104291479547001     
   9.73192994026498      -0.573648655139774     
   2.08882513421583       0.749913559950054     
   1.17242711385815       0.567512574349562     
  0.597116112610825       0.251854807684648     
           2 s
   1.66909338767094       0.754849715987762     
  0.531511603107159       0.991238713492825     
           2 s
  0.170689632797457        1.03811786899552     
  5.133651659892969E-002   1.42938881984569     
           4 p
   13.0703953127071      -0.104604437186806     
   3.79440198812058       0.402892889894849     
   1.61693397794938       0.646347061976869     
  0.632796655955813       0.291999933440228     
           2 p
  0.200403043725976       0.897508698499270     
  6.610274264458559E-002  0.488693863566272     
           4 d
   48.3232067294883       3.619746203408906E-002
   15.8797432311639       0.198997512359982     
   5.84363404053012       0.541156434649869     
   2.17601613657790       0.823896825733328     
           2 d
  0.745498891377318        1.66758793433166     
  0.220111710183025       0.985631913809108     
*
* # Powell opt. Sun Jan  9 22:32:23
28
           5 s
   28.1975314220953       9.405014101494161E-002
   10.3006693429314      -0.619000581517502     
   2.16476045186351        1.05745281248287     
  0.867411058518896       0.545598524757631     
  0.902177100424996       0.121673428528838     
           2 s
   1.73898898141628       0.616272807867443     
  0.781329564960205       0.481062591036744     
           2 s
  0.143138131248521        1.07089649438567     
  4.997889114311999E-002  0.857790660731020     
           4 p
   14.6068152037623      -0.123430039301359     
   4.49460304828239       0.371601203037869     
   1.92430050740656       0.663863447228372     
  0.754582743020661       0.331768668574354     
           2 p
  0.318820359772060        1.10926858124905     
  0.118697619105297       0.935492760156781     
           4 d
   56.7086836486579       3.117383503468496E-002
   17.8852681016058       0.205599723229340     
   6.50984594165502       0.580436113661504     
   2.38536917804327       0.862450904558742     
           2 d
  0.808649520563298        1.59787423651961     
  0.240507161193592       0.908774957251910     
*
* # Powell opt. Sun Jan  9 22:32:23
29
           5 s
   30.4105348183774       8.573253216162775E-002
   11.1076177132714      -0.571943681174955     
   2.51539238981758       0.770801963011201     
   1.25373132108965       0.608679970138236     
  0.630232781472491       0.142472161644951     
           2 s
   1.94323377530512       0.965117561684170     
  0.648100048352963        1.09862507466552     
           2 s
  0.158421243205037        1.45358543793312     
  4.830579030221443E-002   1.04502780843326     
           4 p
   16.1540692938191      -0.105783422541261     
   4.51227719988476       0.420629949271257     
   1.92153862466509       0.643429290372510     
  0.749314983777510       0.285547163065962     
           2 p
  0.286954844969733        1.20009636186700     
  9.460870649252792E-002  0.961045747043761     
           4 d
   63.0498484940737       3.061251762692519E-002
   20.2604821377539       0.181356552561025     
   7.41951743019719       0.513579413431391     
   2.77856678515529       0.785554570701472     
           2 d
  0.958551576055860       0.850495395276306     
  0.279664948443394       0.529116882118725     
*
* # Powell opt. Sun Jan  9 22:32:23
30
           5 s
   33.4857907280230       7.509745145661080E-002
   12.0329785543634      -0.518857994537390     
   3.00690261334517       0.466003619234579     
   1.82882714308091       0.393944421742344     
  0.907379966251915       0.250949425378337     
           2 s
   1.76381688252617        1.16517716940788     
  0.655829265756613       0.360931848701393     
           2 s
  0.169627659116955        1.13845719217033     
  5.680527515973331E-002  0.857645723683452     
           4 p
   18.5545091672987      -7.116389401670009E-002
   4.66823132654776       0.330259726360681     
   2.00694580632069       0.454461661598878     
  0.803361352095855       0.194006489701608     
           2 p
  0.231942201377414       0.439150591686083     
  6.012998253104266E-002  0.316725175212382     
           4 d
   71.9761136653809       3.595371183989093E-002
   23.1209147931949       0.217262245311741     
   8.46178702717978       0.617024025611782     
   3.20519504908801       0.946120452273168     
           2 d
   1.13813933303013        1.24788694085750     
  0.355984413501625       0.702919745069311     
*
* # Powell opt. Sun Jan  9 22:32:23
31
           4 s
   3.46185109971212       8.659663469784411E-002
   1.67337427182544      -0.270587362690936     
  0.211318368014323       0.351819394013131     
  9.782815329546372E-002  0.285416686843960     
           2 s
  0.151627010732894       0.297902650075805     
  5.560437627029146E-002  0.811459212326388     
           4 p
   1.22407219691830      -0.142334247355049     
  0.570340687021070       0.156300957279935     
  0.176342181916619       0.414233473261419     
  6.933812705901335E-002  0.187202564348245     
           2 p
  0.103202148667928       0.781680200650604     
  3.252136206803683E-002   1.13990410234366     
           2 d
  0.434136758704948       0.630724293036664     
  0.136436950793299        1.73537644005718     
*
* # Powell opt. Sun Jan  9 22:32:23
32
           4 s
   3.21749610168837       0.220957013438106     
   1.91816657264174      -0.511683753719521     
  0.214903864259815       0.831622355013223     
  6.758993032021314E-002  0.205018958674098     
           2 s
  0.465696258760948       0.242715316186745     
  6.017402512042508E-002   1.57035045611352     
           4 p
   3.91417955704658       7.144887754423522E-002
   2.34646863055538      -0.196014253789844     
  0.273861111944102       0.722477976627074     
  0.105990071273121       0.319809081570581     
           2 p
  0.202135065169043       0.219317596242695     
  6.121468711744601E-002   1.97374282491186     
           2 d
  0.370009633119765        1.07125850340278     
  0.132976201397853        1.06036050672317     
*
* # Powell opt. Sun Jan  9 22:32:23
33
           4 s
   3.50769364294998       0.158031853980441     
   1.88838302598839      -0.490805795974328     
  0.288111240456491       0.729540893158571     
  0.143180088067697       0.326673579759179     
           2 s
  0.352438514225721       0.168792374131677     
  7.312649850487693E-002   1.05877971083647     
           4 p
   1.35825540905118      -0.165061038563378     
  0.934647702813999       0.154119568450174     
  0.292654437651064       0.269752770916867     
  0.122927318606449       0.174509228237857     
           2 p
  0.118767537139843       0.878680997698322     
  4.760510369710624E-002   1.16234289218782     
           2 d
  0.314487938868675       0.831547539129427     
  0.218493965228341        1.03342386774801     
*
* # Powell opt. Sun Jan  9 22:32:23
34
           4 s
   3.65086573059395       0.231457444967944     
   2.21090360918759      -0.563533855155146     
  0.335170928150247       0.729862073845071     
  0.151638836734083       0.315657165244952     
           2 s
  0.599638822173405       0.126025157341704     
  7.558213426426363E-002   1.06925257904117     
           4 p
   1.50714825743864      -0.162605422408320     
  0.913367414636316       0.183499918283098     
  0.341221978698174       0.372235321530975     
  0.150432587270790       0.271959003605538     
           2 p
  0.157082854490027       0.530816305711698     
  6.127242688509617E-002   1.59839118385804     
           2 d
  0.367597502629628        1.06090973518118     
  0.223013187433992       0.893014584291763     
*
* # Powell opt. Sun Jan  9 22:32:23
35
           4 s
   4.21401463500795       0.165692028469946     
   2.41218869859389      -0.476877193218112     
  0.391067027010279       0.710299602030023     
  0.164674252704499       0.362093036360742     
           2 s
  0.485599664696974       0.145825877592693     
  7.459899460522629E-002  0.768087358690102     
           4 p
   1.78994725314441      -0.207356828200732     
   1.29203618741253       0.186107969204333     
  0.449383252159573       0.332524333195483     
  0.194590167329359       0.303778721053733     
           2 p
  0.122759759966771       0.804134734195752     
  6.673862573067599E-002   1.31991952670031     
           2 d
  0.442438146642733        1.15867276826642     
  0.245849018794647        1.02136622781895     
*
* # Powell opt. Sun Jan  9 22:32:23
36
           4 s
   4.57899118835214       0.331648592408075     
   2.56112376963868       -1.00293270486298     
  0.827939268611204       0.121351449593071     
  0.472520639161112        1.11753853917500     
           2 s
  0.470923925846530       3.626722151180460E-002
  0.203300124545480        1.48871283624143     
           4 p
   2.14331196956029      -0.177267846843426     
   1.28078462181023       0.167714465345212     
  0.517925921951397       0.378067317743216     
  0.248461318213252       0.323948645018314     
           2 p
  0.148557549667312        1.02293700079965     
  8.690996929295132E-002  0.878050956740839     
           2 d
  0.515285737243968        1.20923944313099     
  0.200585271187269       0.935626942053914     
*
* # Powell opt. Sun Jan  9 22:32:23
37
           4 s
   3.86999959984632       0.122319888581838     
   2.13090463610438      -0.666846831080447     
  0.738002026783274       0.418046906087183     
  0.409528742838870       0.516121898222515     
           3 s
   1.35058072675788       0.441228993164011     
  0.672123461407125      -0.180183191142774     
  0.215026040193433       0.940988897209670     
           2 s
  4.172757369765170E-002  0.194823232373106     
  1.817308536683299E-002  0.240784908108158     
           4 p
   2.76741041751077      -0.100991461055838     
  0.690279272514828       0.523102112330059     
  0.272134686487566       0.509586156257130     
  9.986131422309147E-002  0.105281356899398     
           3 p
  0.483868425918078      -2.196731939275387E-002
  6.499033909308480E-002  0.192198563243901     
  2.634416703648951E-002  0.254778803087361     
           2 d
  0.482952908591843       0.814918945654395     
  0.118599680126057        1.16027248170116     
*
* # Powell opt. Sun Jan  9 22:32:23
38
           4 s
   1.69270663745913      -0.393341748066583     
   1.14979578577212       0.208407810147772     
  0.669131477931614       0.410560473765932     
  0.248220076724811       0.223568940035511     
           3 s
   1.88626651140734       0.403235193587766     
  0.400164390156451      -7.724477489897782E-002
  8.792861720296041E-002  0.264020515846125     
           2 s
  5.944319681038857E-002   1.17340953385752     
  2.858468610237895E-002   1.21411471117826     
           4 p
   2.80664769930485      -5.921092742352618E-002
  0.819376524702221       0.263531483008482     
  0.348158267796692       0.253839198083236     
  0.146003646961587       5.472601882252145E-002
           3 p
  0.935150498254084      -9.917943921300095E-003
  8.778635697440401E-002  0.731454921275292     
  4.542099313277127E-002  0.227916283506553     
           2 d
  0.688406352899510       0.490903537712250     
  0.192704647015304       0.763662684451690     
*
* # Powell opt. Sun Jan  9 22:32:23
39
           5 s
   7.71742749470307       0.187052785239242     
   2.63628077286479       -1.90124207218640     
   2.09916969075033        1.02814300784548     
  0.665821856174458       0.700460043738317     
  0.313092330527227       0.291104751535957     
           2 s
  0.671222130715489       0.599073415115520     
  0.299187424758544       0.289242531113636     
           2 s
  6.120397842961880E-002   1.50181224511617     
  2.647102094473287E-002  0.432465185104323     
           4 p
   2.41759490271336      -0.895250159878286     
   1.99072740701935       0.919187672293711     
  0.645156067667861       0.761042111403695     
  0.261397763481339       0.362021977837059     
           2 p
  8.629234506194637E-002   1.57006093661669     
  3.833028057052384E-002   1.11953721193118     
           4 d
   2.61253338553109      -5.135992610838083E-002
   1.39628763945093       0.257843678041434     
  0.529364189403104       0.655882607516578     
  0.193473962663184       0.741467624743067     
           2 d
  6.575842909647829E-002  0.878782647252277     
  2.447523199874975E-002  0.201809770968546     
*
* # Powell opt. Sun Jan  9 22:32:23
40
           5 s
   7.81933957347637       0.205099671393793     
   2.88632681572350       -2.07637864081897     
   2.54288135719553       0.988241134747136     
   1.23118517637529       0.689259329660230     
  0.311629358290204       0.288530331563725     
           2 s
  0.564854810180350       0.858453402203371     
  0.116438933565223       2.100209064138655E-002
           2 s
  8.124450842714197E-002   1.55777380609208     
  3.303442090412637E-002  0.599573348116182     
           4 p
   2.62295536882651      -0.870264936129946     
   2.13893568028529       0.916613175588326     
  0.685175298459174       0.724956087390105     
  0.269831159310168       0.272054335664568     
           2 p
  0.147105567436649        1.42680815683828     
  7.044033944316315E-002  0.992729591486300     
           4 d
   3.27522520915747      -3.944646444195705E-002
   1.47323777876735       0.288402972491981     
  0.574024673244290       0.644198531798975     
  0.215068253215916       0.688860027181878     
           2 d
  6.882087274278370E-002  0.957930649117360     
  2.774723412121977E-002  0.182408809147399     
*
* # Powell opt. Sun Jan  9 22:32:23
41
           5 s
   8.42250794314703       0.174422710170503     
   5.03185029054530       0.407391360401704     
   4.01074273380660       -1.27572219097248     
  0.454565893167617       0.479938113079878     
  0.406692988361700       0.253279294669203     
           2 s
  0.954019300999609       0.879355461511881     
  9.649561448704864E-002  1.656410221404164E-002
           2 s
  7.860114338037001E-002   1.29738747991928     
  3.617207451028972E-002  0.617947927535681     
           4 p
   2.87183408331620      -0.862056281327956     
   2.25992293339443       0.935523215430109     
  0.734466775987278       0.783562576091851     
  0.287776600250084       0.264163355764897     
           2 p
  0.138822440813523        1.32216356296930     
  5.639225047893956E-002   1.11637125285913     
           4 d
   3.39544229889615      -5.169667026041813E-002
   1.75564372982328       0.285394521600094     
  0.733222007789971       0.618446739274232     
  0.278932782782773       0.751418120213058     
           2 d
  8.392085968926453E-002   1.00912862576393     
  3.042121956052404E-002  0.164352584036299     
*
* # Powell opt. Sun Jan  9 22:32:23
42
           5 s
   9.68764990138679       0.260107457004888     
   3.46584020664298       -1.79970319459632     
   1.53991663234621        1.36258113239480     
  0.574925303105848       0.712255463865783     
  0.381570732332674       0.305866271019878     
           2 s
  0.685270182752761       0.881814666942061     
  9.183845985572203E-002  1.984804524078062E-002
           2 s
  8.821637247166408E-002   1.37315773130601     
  3.706204881785972E-002  0.560751684319829     
           4 p
   3.11193936392475      -0.832031279834012     
   2.40082575753454       0.908721582467858     
  0.812216410544427       0.753172341147506     
  0.321411427867171       0.269574112185386     
           2 p
  0.115122184542988        1.24036874547132     
  4.191595324372836E-002   1.24116598376885     
           4 d
   4.26406548281108      -5.585676348384434E-002
   2.04275799016700       0.261723425098937     
  0.849991422023483       0.620335730853023     
  0.328008176946494       0.686405881514033     
           2 d
  0.111803983779632        1.02894110951976     
  4.369541400241825E-002  0.211733455588950     
*
* # Powell opt. Sun Jan  9 22:32:24
43
           5 s
   8.76631004202090       0.189913726482047     
   3.83076071384577       -2.12796984638007     
   3.46660735114662        1.54792134200343     
  0.963800825037200       0.723866411910672     
  0.413997998442630       0.285562465123669     
           2 s
  0.890736500860276       0.915757202372947     
  9.107567902922926E-002  1.693389821670407E-002
           2 s
  7.834615695444357E-002   1.29311635270114     
  4.097696533308231E-002  0.530316762128859     
           4 p
   3.41621019576307      -0.853984226577537     
   2.56242915454308       0.960046098741759     
  0.860218777357719       0.844134689303098     
  0.332718899779036       0.256474864061313     
           2 p
  9.110428884911095E-002   1.11207787733096     
  2.379736117700336E-002   1.92701113547710     
           4 d
   5.15595776739576      -5.489534919739363E-002
   2.15205502595090       0.278279467539440     
   1.01154787888292       0.609703674231746     
  0.431749392611566       0.708349340346216     
           2 d
  0.161091648802043        1.03925191951557     
  6.291158191874734E-002  0.258544175100535     
*
* # Powell opt. Sun Jan  9 22:32:24
44
           5 s
   9.78366456855192       0.176280746703392     
   3.95448874869699       -1.95125996588659     
   3.42986931028792        1.38444794592601     
   1.06245858095520       0.648446638111236     
  0.427105169869987       0.250065731608811     
           2 s
  0.853741363069779       0.919497160369796     
  8.848255243891566E-002  1.861889274933501E-002
           2 s
  0.107982721531347        1.35111460693631     
  3.670308836846426E-002  0.579270678672013     
           4 p
   3.80043001309811      -0.853067711275676     
   2.77721661891405       0.945752379184335     
  0.992677938296609       0.921312401755060     
  0.410197697633143       0.348117503394851     
           2 p
  0.174045575532807        1.42253721699726     
  3.900026870592657E-002   1.00691759898478     
           4 d
   5.44243445344963      -6.040233160030190E-002
   2.46218110560521       0.254639690441159     
   1.08886655158206       0.565120307191276     
  0.451663723567040       0.576211661179893     
           2 d
  0.176498203860056        1.13327185253923     
  6.738865548119755E-002  0.264602883103398     
*
* # Powell opt. Sun Jan  9 22:32:24
45
           5 s
   11.7439813204587       0.162320270714068     
   4.02546629736412       -1.92525416486814     
   3.29347421579314        1.23474378015636     
   1.38240767138067       0.613812073223211     
  0.396555915295147       0.199163217370994     
           2 s
  0.818016757995043       0.993889193760681     
  6.335825278287328E-002  2.240764297200771E-002
           2 s
  0.108383089071823       0.912309049268545     
  3.779819226391543E-002  0.460421874698243     
           4 p
   3.95128703077763       -1.15854697504985     
   3.26763021552503        1.18340539629238     
   1.17518851398341       0.800021724460807     
  0.492764156637552       0.391090667859781     
           2 p
  0.166066845427956        1.41501923929718     
  5.455512727319718E-002   2.09592926480050     
           4 d
   6.54941634137215      -4.788495142655967E-002
   2.83568869332937       0.286428768399843     
   1.41920930964356       0.662604454372763     
  0.627092317151757       0.854818878342304     
           2 d
  0.232385000234979        1.25640563381920     
  7.576789892138744E-002  0.266035207399021     
*
* # Powell opt. Sun Jan  9 22:32:24
46
           5 s
   11.4058673818173       0.162733103149897     
   4.31662522159836       -1.88849968218785     
   3.55893726606491        1.40630024217304     
   1.08799359293169       0.576708322057376     
  0.444856060174130       0.186881621417125     
           2 s
   1.02475433535814       0.888217202432876     
  9.985162051791716E-002  2.110486588668928E-002
           2 s
  0.115096814927021        1.00894576199342     
  4.298407735213403E-002  0.460264592364894     
           4 p
   4.29632982169671       -1.16325723678824     
   3.26784464309437        1.26476642392844     
   1.18258046820411        1.05716747300294     
  0.495266738191865       0.431323482372606     
           2 p
  0.184433483675164        1.67762662238053     
  4.357122417424557E-002   1.23005855847196     
           4 d
   6.94537590168545      -4.670100549332770E-002
   3.02743306295434       0.307665174346807     
   1.39646543394250       0.701818826551430     
  0.600807256108212       0.701770970348549     
           2 d
  0.254035529300527       0.762266631558566     
  9.761654660999776E-002  0.267206380910841     
*
* # Powell opt. Sun Jan  9 22:32:24
47
           5 s
   11.2677199147489       0.175293933752218     
   4.89252228463783       -1.88419408384974     
   4.29081863399532        1.40939088920390     
   1.17885535464023       0.888065590439989     
  0.518826277391893       0.190448740963840     
           2 s
   1.01512657189290       0.976066316482319     
  6.175936400759039E-002  2.044975005264602E-002
           2 s
  0.110055729097305        1.06508727670938     
  3.445722085097964E-002  0.413945167301110     
           4 p
   4.55459661608425       -1.20093036444522     
   3.48770591527270        1.31685900194396     
   1.25045338435399        1.03841792190183     
  0.521127300818166       0.403296050424496     
           2 p
  0.167639877177144        1.65621290242364     
  4.617741405933750E-002   1.59041803956837     
           4 d
   7.39545212533586      -4.579674798523072E-002
   3.24686794846211       0.335391209926886     
   1.47476981215779       0.747237658154758     
  0.610469711124154       0.738347380830211     
           2 d
  0.234306713646278        1.47760908672549     
  9.290796227010958E-002  0.264506344721448     
*
* # Powell opt. Sun Jan  9 22:32:24
48
           5 s
   11.4156123009947       0.172058692561975     
   4.99694226507550       -1.84659286193449     
   4.26212490714239        1.45500905828570     
   1.14460149145286       0.912250370049932     
  0.526200933749030       0.190984388334619     
           2 s
  0.989717117834244        1.23735891250989     
  0.591548598994060       0.260847525980819     
           2 s
  0.146519403733808       0.711477322128937     
  4.604235931967530E-002  0.320767277983792     
           4 p
   4.72675065101898       -1.06755129632984     
   3.81106236368459        1.15697553455806     
   1.34185500056272       0.708671196535633     
  0.579868113861511       0.277507492284639     
           2 p
  0.181783032619492       0.816381202682211     
  6.174456101251709E-002  0.603062297332550     
           4 d
   8.10979992616920      -2.540578473449810E-002
   3.39391096758757       0.221598303491445     
   1.55321098129276       0.441142361289314     
  0.668254059170965       0.414190694039538     
           2 d
  0.269493693476109        1.10467357300579     
  0.112999843560138       0.176782977279552     
*
* # Powell opt. Sun Jan  9 22:32:24
49
           4 s
   1.41185693434278       0.206509726312913     
  0.973842679229641      -0.401733309695394     
  0.195944421524365       0.304862393473516     
  7.239818605285953E-002  0.494058058676264     
           2 s
  0.252862863334849       5.193897851961681E-002
  6.549579935110689E-002  0.754817456438894     
           4 p
  0.572341428058808      -0.402061305956444     
  0.394557463250672       0.429955629853840     
  0.125294432565856       0.413791531953005     
  4.610168647337944E-002  0.462283504439197     
           2 p
  0.133769106184833       0.207075316790347     
  4.206149498561602E-002   1.80033374657626     
           2 d
  9.891596017774296E-002   1.40656183515385     
  9.153301356850439E-002  0.437357791529599     
*
* # Powell opt. Sun Jan  9 22:32:24
50
           4 s
   2.16874514161537       0.230832325675538     
   1.31840410633038      -0.517544646477176     
  0.186595816461813       0.650161327222937     
  6.937419118901814E-002  0.248346215748456     
           2 s
  0.407540393261840       0.257541949898463     
  5.964064137807768E-002   1.60273021768589     
           4 p
   2.50410091492316       5.902454917048709E-002
   1.55477474645807      -0.160216976007844     
  0.214850637152819       0.494623273062372     
  8.356893143552120E-002  0.269344871356281     
           2 p
  0.183673382041945       0.217650226555290     
  4.865796658963278E-002   2.35443878853095     
           2 d
  0.208100130981465       0.895900288624737     
  0.146434154206711        1.37511261900141     
*
* # Powell opt. Sun Jan  9 22:32:24
51
           4 s
   1.90129149643421       0.372390986717445     
   1.44947512029410      -0.589821664527829     
  0.255179663388319       0.238020525011687     
  0.159557301375104       0.282602074545870     
           2 s
  0.355114126591058       0.126701793951180     
  6.739314185934160E-002   1.04662080052824     
           4 p
   2.37568985170905       5.112258423849757E-002
   1.34806277439836      -0.161075779288683     
  0.243744636818852       0.405765152731996     
  0.107166990008902       0.186486532977689     
           2 p
  0.205419448721982       0.140291569704850     
  6.291629134386928E-002   1.92693432850263     
           2 d
  0.205284248871710        1.92344883142467     
  0.161194685111142        1.08407527677881     
*
* # Powell opt. Sun Jan  9 22:32:24
52
           4 s
   2.08351413068471       0.802285578370506     
   1.71450790160407       -1.14743200231690     
  0.243721857038989       0.709372799497782     
  0.130681370450099       0.126965084682974     
           2 s
  0.315794405078903       0.190600374707597     
  8.822133123985078E-002  0.836704224184746     
           4 p
   2.48101281064376       7.390169205075584E-002
   1.39916920547657      -0.238783627661525     
  0.229946308236131       0.340455500866130     
  0.127434638297959       0.247951299804971     
           2 p
  0.503816419435365       0.919676716095387     
  5.680962337399868E-002  0.797571264541942     
           2 d
  0.192018182978057        1.57139765565271     
  6.443786485447507E-002  0.969777509196901     
*
* # Powell opt. Sun Jan  9 22:32:24
53
           4 s
   2.48964035319992       0.263843534073524     
   1.67594896101450      -0.522287914637894     
  0.304940176491178       0.459288462395068     
  0.136464725787262       0.193915727168501     
           2 s
  0.239582525236635       0.214724305846215     
  9.491981952727019E-002  0.851869083751571     
           4 p
  0.957719851733837      -0.267158777941951     
  0.664038570730366       0.291627705486700     
  0.238850773382532       0.256912588969736     
  0.122585754356248       0.146516346546079     
           2 p
  0.230324218414483       5.958900070261168E-002
  6.597051465691468E-002   1.97986248442916     
           2 d
  0.269383119308069       0.923675063545500     
  0.209896182256766        1.05968968400219     
*
* # Powell opt. Sun Jan  9 22:32:24
54
           4 s
   2.92978826350062       0.408585870801097     
   1.68176126828758       -1.02156149364440     
  0.351761902590803        1.00001404750160     
  8.619289576097999E-002  0.141701930984096     
           2 s
  0.381689321845708       2.715071882528870E-002
  0.170886125372454        1.54237521020723     
           4 p
   1.06052683756304      -0.257050119802244     
  0.711407953377432       0.304690648351984     
  0.258081434656503       0.215753692285045     
  0.172198221621917       0.132054262096146     
           2 p
  0.114964624294555       0.785823760599164     
  6.426792152976005E-002  0.876540435641195     
           2 d
  0.385981286877150       0.808694399456890     
  0.198799231640040        1.13395027243669     
*
* # Powell opt. Sun Jan  9 22:32:24
55
           4 s
   2.17243332334312       9.394489713644555E-002
   1.21355942986731      -0.574876851884396     
  0.913074181037590       0.380293350662842     
  0.313880498179613       0.275539125877757     
           3 s
   1.29443439025071      -0.246882008314976     
   1.08875626351396       0.352493537018303     
  0.141990201906192        1.01388442039574     
           2 s
  0.110486818629393       0.142948191574704     
  2.103622615518597E-002  0.289955177474061     
           4 p
   1.29661206281324      -0.158205270386835     
  0.511587649505974       0.411480813114127     
  0.201550092329276       0.414262558280869     
  6.533847807521875E-002  7.230217582307434E-002
           3 p
  0.299675722331893      -9.735552329440023E-002
  6.347084330549123E-002  7.006429755796757E-002
  2.936375353157252E-002  0.660221576186737     
           2 d
  0.288013152963643        1.13041770831029     
  9.477615326285307E-002  0.956697547106978     
*
* # Powell opt. Sun Jan  9 22:32:24
56
           4 s
   2.16522443957251       0.172126972668540     
   1.56360666301505      -0.412498520678326     
  0.468388660094124       0.403433792500733     
  0.182490630329468       0.153935914976811     
           3 s
  0.969811881199378       0.332173932717795     
  0.438335807570558      -9.359871281009978E-002
  5.141392751414215E-002  0.275829475814372     
           2 s
  3.842068546813804E-002  0.348249206633086     
  3.482715662763886E-002   1.04922299327412     
           4 p
   1.24686767725796      -9.071335217621569E-002
  0.619719104166210       0.186065346860657     
  0.314722191970066       5.334591733781478E-002
  0.218214872640625       0.124038886456251     
           3 p
  0.888823238003780      -9.266901736114858E-003
  0.112339424955501       0.520029153739032     
  4.891725154183287E-002  0.294753654055695     
           2 d
  0.376362798375153       0.740747300068066     
  0.122678391090610       0.544085547842360     
*
* # Powell opt. Sun Jan  9 22:32:24
57
           5 s
   3.47523207349706       0.251871019918146     
   1.93456511676082      -0.287725537818824     
   1.66454801466070      -0.604423588065512     
  0.554804077088594       0.632094169458009     
  0.225800245956451       0.235973512926278     
           2 s
  0.876447593865975       0.946697025642959     
  0.279500848269872        1.07601887802363     
           2 s
  4.768461066637154E-002   1.18192009056739     
  1.984972778369901E-002  0.426850306546437     
           4 p
   3.27005095356239       0.168828880840185     
   2.46603253913871      -0.323975333952714     
  0.545201738921140       0.524506691598028     
  0.216584139372540       0.335481746205197     
           2 p
  3.414170479469475E-002  0.963122971628361     
  6.776473251663062E-003  7.621273759416941E-002
           4 d
   1.55342128016180      -8.767825629715528E-002
  0.727485504819906       0.168136184971510     
  0.356811194914298       0.494641686523667     
  0.143943042377256       0.517785871791663     
           2 d
  5.915075994868439E-002  0.956671036273303     
  2.289831133080410E-002  0.374862966787945     
*
* # Powell opt. Sun Jan  9 22:32:24
72
           5 s
   6.83705580048607       0.348438137966462     
   4.15298256621519      -0.784042775730760     
  0.958861987502165      -1.928750264787366E-002
   1.06809505935286       0.638126686044334     
  0.430341182211784       0.505844056732959     
           2 s
  0.665126175548471        1.58181757391522     
  0.182559753647298       0.879603769042775     
           2 s
  8.936550349217756E-002   1.85165370926315     
  2.597559521529145E-002  0.431969240655616     
           4 p
   7.95863264246482       0.139989421607729     
   5.41805446849673      -0.303007880235727     
  0.980610916009990       0.594280960114066     
  0.367932248855041       0.410283389738671     
           2 p
  4.648557675734218E-002   1.49908313479440     
  1.518935226857078E-002  0.779011960528504     
           4 d
   2.87425727629904      -7.093475281251131E-002
   1.24074126301705       0.280993113729777     
  0.376455878494437       0.544552350954637     
  9.677100098669554E-002  0.499565679836818     
           2 d
  8.326445197755737E-002  0.858518047823953     
  6.230860374596524E-002  0.453842734157535     
*
* # Powell opt. Sun Jan  9 22:32:24
73
           5 s
   7.42627600392404       0.197356345074490     
   4.26978649697197      -0.345340690554904     
   2.52056124780403      -0.783470705458296     
   1.82880779999171       0.949704764599185     
  0.542944416533908       0.575050761039588     
           2 s
  0.792486268732668       0.894572730452318     
  0.303915591321080       0.378113746214114     
           2 s
  8.769339507068248E-002   2.51014215042318     
  2.741965771922019E-002  0.503238806512944     
           4 p
   8.42187741799753       0.132386818280001     
   5.43801026254481      -0.319353039160202     
   1.06661569253486       0.624852254316132     
  0.425679892145518       0.454659988129705     
           2 p
  9.440059876231191E-002   2.02889902327818     
  1.018423133494463E-002  0.180908692790785     
           4 d
   3.77259784586557      -6.588463544581705E-002
   1.37383056309217       0.246226816025688     
  0.726278093593104       0.268268213745031     
  0.342206604885399       0.573178547558014     
           2 d
  0.118344817783342       0.875767028308815     
  3.667394400605170E-002  0.317718633701735     
*
* # Powell opt. Sun Jan  9 22:32:24
74
           5 s
   6.59186859635308       0.217304910381149     
   4.63982845124785      -0.368634888773673     
   2.71458538687775      -0.835179650262940     
   2.54230730108064       0.923856937253450     
  0.662866185590571       0.202695736207639     
           2 s
  0.807896438131940       0.937117678776490     
  0.209737109880019       0.154494786877721     
           2 s
  9.115552293033566E-002   2.49780532314234     
  2.910301873417578E-002  0.482073999328324     
           4 p
   8.42588961485184       0.144315086594636     
   5.50824378375419      -0.349718741866362     
   1.16255655981005       0.639163081571504     
  0.465838623383719       0.466077003912570     
           2 p
  0.135731658930736       0.954235860522782     
  7.828448284790102E-002  0.258958783283379     
           4 d
   4.19766715124191      -5.713866126098821E-002
   1.42833737534541       0.225888687441011     
  0.704208539652045       0.333127162582629     
  0.317227492385260       0.488579666452202     
           2 d
  0.110518601772383        1.04302814106085     
  3.732772464373824E-002  0.343969422659892     
*
* # Powell opt. Sun Jan  9 22:32:24
75
           5 s
   8.83160713419204       0.157751538970696     
   3.67329785296393      -0.740425835572117     
   1.55264724861014       0.721792138141309     
  0.574003704888312       0.429231358090093     
  0.289692463796459       4.671733018510705E-002
           2 s
  0.971656609855009       0.493090445534919     
  0.525607980312771       0.245076468866410     
           2 s
  0.112465557669227        2.49582795814749     
  3.563963373545992E-002   1.22483825470088     
           4 p
   7.53903390043294       0.502906394535001     
   6.42075964502167      -0.707261746315966     
   1.25259508641830       0.605313928554505     
  0.524606575403740       0.473547424383883     
           2 p
  0.156993499606551        3.95734901706204     
  8.497222500120326E-002  0.939436322660056     
           4 d
   4.15695862008461      -8.603854067612736E-002
   1.55433395245877       0.304152354001546     
  0.777621533557560       0.401639948141730     
  0.365208136370249       0.602542599330077     
           2 d
  0.131368438081620       0.411567932604561     
  5.183722779138766E-002  0.130544340680576     
*
* # Powell opt. Sun Jan  9 22:32:24
76
           5 s
   8.84673489685220       0.178058193834257     
   3.85488180130643      -0.857941440132135     
   2.10134509490489       0.638165309097935     
  0.690525996596167       0.364085985311109     
  0.391383888200972       4.906413802410291E-002
           2 s
  0.954095106219088       0.568637510123153     
  0.742408984948831       0.605364258865356     
           2 s
  0.118854270333358        2.43037887806942     
  4.110406038098090E-002  0.858588602137901     
           4 p
   7.94084747285110       0.351535241851378     
   6.41324679105069      -0.559272238452551     
   1.35126390367376       0.584515645619196     
  0.564360679474112       0.474025175553533     
           2 p
  0.147963946675387        2.06005157153970     
  4.092065978694378E-002  0.440138556117971     
           4 d
   4.38316198784955      -8.013452281905542E-002
   1.65908406436831       0.291802167657317     
  0.776795528759386       0.415161292788699     
  0.375674121195200       0.451977846924946     
           2 d
  0.144078625338190        2.00385338621065     
  5.654055430799860E-002  0.280426762571312     
*
* # Powell opt. Sun Jan  9 22:32:24
77
           5 s
   9.19265715511476       0.188134593098131     
   4.12290724880360      -0.850412811270967     
   2.16613154307361       0.615029432798201     
  0.734146974432516       0.356177028855162     
  0.427088378080769       4.849067487010106E-002
           2 s
  0.948652659874912       0.522244315404348     
  0.399551594025598       2.655891508634677E-002
           2 s
  0.124584422114121        2.35796720771948     
  4.128572400298714E-002  0.970973015651165     
           4 p
   8.68347590901765       0.226338858994830     
   6.37597413682435      -0.446863041618336     
   1.40775384323287       0.652681183589879     
  0.564996134399990       0.462178561282755     
           2 p
  0.134789329818044        2.03741895101247     
  4.935007536892191E-002   1.15598471164235     
           4 d
   4.75459847124423      -8.133991654269304E-002
   1.75794662837221       0.290714871740689     
  0.850344143294247       0.419130869897933     
  0.407013456527667       0.453963310173258     
           2 d
  0.152638049887434        1.85105330488067     
  4.951494581671088E-002  0.190270944300939     
*
* # Powell opt. Sun Jan  9 22:32:24
78
           5 s
   10.2645600242127       0.174575126704211     
   4.25389524145726      -0.878277410772074     
   2.09241091847813       0.667449415072469     
  0.696261772690264       0.212647134042754     
  0.401210812247215       5.092002870958926E-002
           2 s
  0.973552855683504       0.501307936965616     
  0.407270164243643       6.442511944955130E-002
           2 s
  0.139227162140709        2.43072450171411     
  4.753102968818487E-002   1.05503501908942     
           4 p
   8.13985092581136       0.719446892012926     
   7.17534480957837      -0.955756833381278     
   1.51868955596358       0.666868865014033     
  0.634516491052880       0.506402612933509     
           2 p
  0.188976166642797        2.31238366730236     
  3.912473520009846E-002  0.866506177811270     
           4 d
   4.92494988276904      -8.065693501191734E-002
   1.81770219728915       0.321158141527881     
  0.874147288356764       0.397758447839821     
  0.431166459543087       0.436456617231501     
           2 d
  0.166215578684629        2.18173023433972     
  6.199984434919683E-002  0.219953321540465     
*
* # Powell opt. Sun Jan  9 22:32:24
79
           5 s
   10.5629050481682       0.171475918604535     
   4.47086133692841      -0.898356743039532     
   2.47391589168028       0.563373571875604     
  0.765966244273717       0.177405051337806     
  0.464573844065731       4.627114146063412E-002
           2 s
   1.17007089909857       0.503117703966261     
  0.322266875555109       7.027083516108386E-002
           2 s
  0.146285663084568        2.30508045673189     
  5.760865544415691E-002   1.00455842956250     
           4 p
   8.77098425257365       0.497567670661885     
   7.47816600304066      -0.715266724904188     
   1.56274584248022       0.661060427371802     
  0.647509743755916       0.450857526273977     
           2 p
  0.165352105288668        2.38290159173817     
  4.264680744431232E-002   1.07668390360403     
           4 d
   5.02331981207613      -7.566420157178888E-002
   1.92888337234274       0.301383327099824     
  0.845950350681992       0.433828069087940     
  0.364456501419282       0.356525485852237     
           2 d
  0.139704248563572        2.20485529323120     
  6.805285640235878E-002  0.237212181100142     
*
* # Powell opt. Sun Jan  9 22:32:24
80
           5 s
   11.6422517680485       0.144525974104620     
   4.61792052185861      -0.898162958457046     
   2.53576155633957       0.591848713149484     
  0.680463387459878       0.165306597312204     
  0.470057003793195       4.990555547876472E-002
           2 s
   1.20495498027812       0.554049324134637     
  0.466685209444373       6.884625840635000E-002
           2 s
  0.188453855188793        2.27419250604110     
  6.892875540931027E-002   1.51071679349837     
           4 p
   9.96356382841975       0.205848017964041     
   7.26268812400952      -0.424963786193718     
   1.70886486215294       0.626694313950580     
  0.719333192386984       0.475638517122401     
           2 p
  0.180512548646072        2.57124218069788     
  5.812347155440083E-002   1.91376525340089     
           4 d
   5.37977651286520      -7.414954621596663E-002
   2.01924296342807       0.315625685939751     
  0.879886552987448       0.432156447853983     
  0.451243006320822       0.244865012798727     
           2 d
  0.211555775377597        2.37661941829626     
  6.183822751294805E-002  0.183335517709106     
*
* # Powell opt. Sun Jan  9 22:32:24
81
           4 s
   1.50531304942800       0.313662634995220     
  0.926406638905839      -0.722746145098679     
  0.195472441877324       0.634249265128629     
  7.919757153951083E-002  0.616447338531802     
           2 s
  0.179423367041566       0.144781868221355     
  7.206184621554730E-002  0.890059337686918     
           4 p
   1.34044539089508       9.097839530089091E-002
  0.866604785092951      -0.259543806887495     
  0.217123440966579       0.362159556276903     
  9.140867279869570E-002  0.365315709408298     
           2 p
  0.591817274683964       1.884804979371627E-002
  4.368249642536048E-002   1.41610394451844     
           2 d
  0.117314837048211       0.604178245688722     
  5.445903625004243E-002  0.886013825832763     
*
* # Powell opt. Sun Jan  9 22:32:24
82
           4 s
   1.34175300424060       0.775578610897975     
   1.10549768954605       -1.20276530893468     
  0.211699001506785       0.723705670621652     
  0.129547855690909       0.256761268065811     
           2 s
  0.549706034009059       0.131886387066735     
  6.328484951761372E-002   1.51048598761501     
           4 p
   1.41480398918653       0.152750104080358     
   1.02406921514473      -0.288877125439307     
  0.186029005782228       0.437219972838763     
  8.279630098808378E-002  0.118522273752663     
           2 p
  0.331088269579544       0.201768239862899     
  4.648291616913571E-002   3.75048882022991     
           2 d
  0.200493671995906       0.835023372290757     
  8.826212303161278E-002   1.09540560499395     
*
* # Powell opt. Sun Jan  9 22:32:24
83
           4 s
   1.59845235496009       9.050538313499730E-002
   1.02403193420120      -0.505556064926992     
  0.211694361874126       0.733716856592877     
  0.188315325223488       0.112026081947210     
           2 s
  0.302425752232880       0.209510573558851     
  8.499405206958853E-002  0.597248589404896     
           4 p
   1.49470834605789       0.395953810643171     
   1.25436740987897      -0.565931848387305     
  0.207175316032526       0.638559022440313     
  7.503952998792554E-002  0.141797873603719     
           2 p
  0.199985131181257       0.116806624587284     
  6.237321551958971E-002   3.08600711795465     
           2 d
  0.125642967393842        1.00943899937621     
  9.280945334907792E-002  0.739934271100539     
*
* # Powell opt. Sun Jan  9 22:32:24
84
           4 s
   1.89931541220888       0.398802099257502     
   1.33020568430947      -0.819810438961097     
  0.295449029904595       0.530266670622753     
  0.199451922421512       0.183432964269356     
           2 s
  0.315025299522873       0.224516411803613     
  0.104988411226149       0.818764958808880     
           4 p
   1.61190963878185       0.155499395899138     
   1.09986776311420      -0.399122211488994     
  0.206617899934706       0.547783019858631     
  0.120990132582797       0.207180326061650     
           2 p
  0.471197704174314       0.778854060702912     
  6.260353229709920E-002   1.06639792322562     
           2 d
  0.165433941927539       0.960300261730572     
  6.267404911583001E-002  0.786318229413788     
*
* # Powell opt. Sun Jan  9 22:32:24
85
           4 s
   1.91094945309899       0.536779308693687     
   1.34290062632639       -1.08393365289435     
  0.367058796469827       0.631642851614768     
  0.190195924960656       0.488639939595006     
           2 s
  0.427281648898506       8.206268212795342E-002
  9.344172004696173E-002  0.946011238352203     
           4 p
   2.02041794893770       6.226094779509007E-002
   1.16218761277924      -0.246606798225117     
  0.345334375446559       0.458955669868701     
  0.149239534080953       0.531983755824687     
           2 p
  7.387197219450846E-002  0.900007310977229     
  5.480961990148878E-002   1.10322473711673     
           2 d
  0.205479316330831       0.919485323371351     
  0.176004395505166        1.42732206146008     
*
* # Powell opt. Sun Jan  9 22:32:24
86
           4 s
   1.96989201671801       0.660624737806250     
   1.47848075608993       -1.19986920688737     
  0.336802146220485       0.971489329072384     
  0.135775135899412       0.218735506788810     
           2 s
  0.181264873748576       8.410689450137568E-002
  0.116137349166484        1.11070650287849     
           4 p
   1.87598109631114       0.255581366129172     
   1.58285146537917      -0.375824603346089     
  0.313981460091357       0.532420832128556     
  0.141363111536754       0.279279911612851     
           2 p
  0.215589021600991       9.727940536291967E-002
  7.773578239298370E-002  0.921441694718857     
           2 d
  0.241853495157110        1.04624432798013     
  0.201369675610230        1.20123945130483     
*
