 
       ==============================================
       |                 P T B                      |
       |                S.Grimme                    |
       |          Universitaet Bonn, MCTC           |
       ==============================================
       Version 3.7, Do 28. Apr 14:28:45 CEST 2022
 
       Cite work conducted with this code as
       S. Grimme, M. Mueller, A. Hansen, unpublished.
 
 filter  1.000000000000000E-005
 ../../../../.atompara                                                                                                                                                                                                                                           
          =========================
          reading ... ../../../../systems/h2o_512.xyz
          =========================
 basis read done.
 ncao                  12288
 nsao                  11776
 npr                   32768
 basis setup done. Ndim                 11776
 coreat                    512
 cncao                     512
 cnsao                     512
 cnpr                     3072
 
 nalpha                   2048
 nbeta                    2048
 ntotal                   4096
 nopen                       0
cpu  time for startup and initial S    4.32 s
wall time for startup and initial S    4.00 s
               -----------------------
               |      PTB  model      |
               | SG, MM, AH 2020-2022 |
               -----------------------
 prop :                     1
 PA setup with Mull-Loew partitioning   0.333333 ...
 done.
EEQ done. sum q :    0.000
    atom   Zeff  qEEQ  mod   srCN   noHCN   CN(EEQ)
    1    8  6.0    -0.095   1.784   0.092   1.990
    2    8  6.0    -0.100   1.943   0.092   1.990
    3    8  6.0    -0.092   1.627   0.092   1.990
    4    8  6.0    -0.096   1.828   0.092   1.990
    5    8  6.0    -0.099   1.941   0.092   1.990
    6    8  6.0    -0.097   1.826   0.092   1.991
    7    8  6.0    -0.099   1.947   0.092   1.991
    8    8  6.0    -0.098   1.864   0.092   1.991
    9    8  6.0    -0.094   1.723   0.092   1.990
   10    8  6.0    -0.095   1.743   0.092   1.990
   11    8  6.0    -0.095   1.773   0.092   1.990
   12    8  6.0    -0.094   1.710   0.092   1.990
   13    8  6.0    -0.095   1.630   0.092   1.990
   14    8  6.0    -0.093   1.713   0.092   1.990
   15    8  6.0    -0.097   1.878   0.092   1.991
   16    8  6.0    -0.090   1.598   0.092   1.990
   17    8  6.0    -0.091   1.587   0.092   1.990
   18    8  6.0    -0.094   1.651   0.092   1.990
   19    8  6.0    -0.091   1.637   0.092   1.990
   20    8  6.0    -0.098   1.880   0.092   1.990
   21    8  6.0    -0.088   1.583   0.092   1.990
   22    8  6.0    -0.092   1.606   0.092   1.990
   23    8  6.0    -0.093   1.699   0.092   1.990
   24    8  6.0    -0.095   1.723   0.092   1.990
   25    8  6.0    -0.101   1.983   0.092   1.990
   26    8  6.0    -0.095   1.753   0.092   1.991
   27    8  6.0    -0.099   1.961   0.092   1.990
   28    8  6.0    -0.095   1.693   0.092   1.990
   29    8  6.0    -0.095   1.811   0.092   1.991
   30    8  6.0    -0.099   1.849   0.092   1.990
   31    8  6.0    -0.097   1.828   0.092   1.990
   32    8  6.0    -0.100   1.952   0.092   1.990
   33    8  6.0    -0.095   1.620   0.092   1.990
   34    8  6.0    -0.091   1.635   0.092   1.990
   35    8  6.0    -0.092   1.646   0.092   1.990
   36    8  6.0    -0.091   1.715   0.092   1.990
   37    8  6.0    -0.097   1.834   0.092   1.990
   38    8  6.0    -0.096   1.786   0.092   1.991
   39    8  6.0    -0.095   1.759   0.092   1.990
   40    8  6.0    -0.098   1.823   0.092   1.990
   41    8  6.0    -0.092   1.776   0.092   1.990
   42    8  6.0    -0.095   1.702   0.092   1.990
   43    8  6.0    -0.095   1.709   0.092   1.990
   44    8  6.0    -0.094   1.761   0.092   1.990
   45    8  6.0    -0.088   1.533   0.092   1.990
   46    8  6.0    -0.097   1.927   0.092   1.990
   47    8  6.0    -0.089   1.566   0.092   1.990
   48    8  6.0    -0.098   1.861   0.092   1.990
   49    8  6.0    -0.095   1.803   0.092   1.991
   50    8  6.0    -0.095   1.800   0.092   1.990
   51    8  6.0    -0.094   1.706   0.092   1.990
   52    8  6.0    -0.092   1.691   0.092   1.990
   53    8  6.0    -0.093   1.680   0.092   1.990
   54    8  6.0    -0.093   1.685   0.092   1.990
   55    8  6.0    -0.094   1.737   0.092   1.990
   56    8  6.0    -0.095   1.852   0.092   1.991
   57    8  6.0    -0.098   1.931   0.092   1.991
   58    8  6.0    -0.090   1.572   0.092   1.990
   59    8  6.0    -0.099   1.923   0.092   1.991
   60    8  6.0    -0.094   1.660   0.092   1.990
   61    8  6.0    -0.097   1.821   0.092   1.990
   62    8  6.0    -0.096   1.684   0.092   1.990
   63    8  6.0    -0.097   1.845   0.092   1.991
   64    8  6.0    -0.097   1.860   0.092   1.991
   65    8  6.0    -0.090   1.560   0.092   1.990
   66    8  6.0    -0.097   1.841   0.092   1.990
   67    8  6.0    -0.092   1.653   0.092   1.990
   68    8  6.0    -0.097   1.805   0.092   1.990
   69    8  6.0    -0.096   1.782   0.092   1.991
   70    8  6.0    -0.099   2.031   0.092   2.000
   71    8  6.0    -0.097   1.777   0.092   1.990
   72    8  6.0    -0.097   1.811   0.092   1.990
   73    8  6.0    -0.090   1.607   0.092   1.990
   74    8  6.0    -0.096   1.750   0.092   1.990
   75    8  6.0    -0.094   1.615   0.092   1.990
   76    8  6.0    -0.096   1.758   0.092   1.990
   77    8  6.0    -0.096   1.828   0.092   1.992
   78    8  6.0    -0.097   1.821   0.092   1.990
   79    8  6.0    -0.090   1.529   0.092   1.990
   80    8  6.0    -0.098   1.906   0.092   1.991
   81    8  6.0    -0.091   1.625   0.092   1.990
   82    8  6.0    -0.094   1.848   0.092   1.991
   83    8  6.0    -0.096   1.808   0.092   1.990
   84    8  6.0    -0.085   1.511   0.092   1.990
   85    8  6.0    -0.097   1.849   0.092   1.990
   86    8  6.0    -0.097   1.819   0.092   1.990
   87    8  6.0    -0.094   1.638   0.092   1.990
   88    8  6.0    -0.093   1.661   0.092   1.990
   89    8  6.0    -0.092   1.612   0.092   1.990
   90    8  6.0    -0.094   1.755   0.092   1.990
   91    8  6.0    -0.097   1.874   0.092   1.990
   92    8  6.0    -0.096   1.748   0.092   1.990
   93    8  6.0    -0.094   1.772   0.092   1.991
   94    8  6.0    -0.094   1.763   0.092   1.990
   95    8  6.0    -0.090   1.582   0.092   1.990
   96    8  6.0    -0.097   1.842   0.092   1.990
   97    8  6.0    -0.094   1.628   0.092   1.990
   98    8  6.0    -0.093   1.632   0.092   1.990
   99    8  6.0    -0.088   1.573   0.092   1.990
  100    8  6.0    -0.095   1.690   0.092   1.990
  101    8  6.0    -0.094   1.763   0.092   1.990
  102    8  6.0    -0.093   1.699   0.092   1.990
  103    8  6.0    -0.093   1.644   0.092   1.990
  104    8  6.0    -0.094   1.773   0.092   1.990
  105    8  6.0    -0.095   1.720   0.092   1.990
  106    8  6.0    -0.094   1.769   0.092   1.991
  107    8  6.0    -0.098   1.911   0.092   1.991
  108    8  6.0    -0.095   1.714   0.092   1.990
  109    8  6.0    -0.090   1.610   0.092   1.990
  110    8  6.0    -0.087   1.515   0.092   1.990
  111    8  6.0    -0.092   1.600   0.092   1.990
  112    8  6.0    -0.093   1.754   0.092   1.991
  113    8  6.0    -0.094   1.818   0.092   1.991
  114    8  6.0    -0.096   1.810   0.092   1.990
  115    8  6.0    -0.097   1.962   0.092   1.990
  116    8  6.0    -0.098   1.850   0.092   1.990
  117    8  6.0    -0.094   1.716   0.092   1.990
  118    8  6.0    -0.093   1.796   0.092   1.990
  119    8  6.0    -0.089   1.601   0.092   1.990
  120    8  6.0    -0.094   1.647   0.092   1.990
  121    8  6.0    -0.097   1.786   0.092   1.990
  122    8  6.0    -0.090   1.585   0.092   1.990
  123    8  6.0    -0.097   1.823   0.092   1.990
  124    8  6.0    -0.097   1.844   0.092   1.990
  125    8  6.0    -0.093   1.709   0.092   1.990
  126    8  6.0    -0.093   1.616   0.092   1.990
  127    8  6.0    -0.098   1.888   0.092   1.990
  128    8  6.0    -0.090   1.617   0.092   1.990
  129    8  6.0    -0.095   1.779   0.092   1.990
  130    8  6.0    -0.084   1.571   0.092   1.990
  131    8  6.0    -0.092   1.610   0.092   1.990
  132    8  6.0    -0.089   1.588   0.092   1.990
  133    8  6.0    -0.089   1.600   0.092   1.990
  134    8  6.0    -0.091   1.675   0.092   1.990
  135    8  6.0    -0.097   1.847   0.092   1.990
  136    8  6.0    -0.094   1.687   0.092   1.990
  137    8  6.0    -0.095   1.765   0.092   1.990
  138    8  6.0    -0.092   1.604   0.092   1.990
  139    8  6.0    -0.093   1.695   0.092   1.990
  140    8  6.0    -0.089   1.595   0.092   1.990
  141    8  6.0    -0.093   1.635   0.092   1.990
  142    8  6.0    -0.095   1.805   0.092   1.990
  143    8  6.0    -0.095   1.679   0.092   1.990
  144    8  6.0    -0.092   1.620   0.092   1.990
  145    8  6.0    -0.096   1.830   0.092   1.991
  146    8  6.0    -0.101   2.069   0.092   1.991
  147    8  6.0    -0.095   1.791   0.092   1.990
  148    8  6.0    -0.093   1.703   0.092   1.990
  149    8  6.0    -0.097   1.840   0.092   1.990
  150    8  6.0    -0.098   1.954   0.092   1.992
  151    8  6.0    -0.088   1.511   0.092   1.990
  152    8  6.0    -0.095   1.705   0.092   1.990
  153    8  6.0    -0.095   1.680   0.092   1.990
  154    8  6.0    -0.096   1.894   0.092   1.991
  155    8  6.0    -0.090   1.584   0.092   1.990
  156    8  6.0    -0.095   1.717   0.092   1.990
  157    8  6.0    -0.098   1.891   0.092   1.990
  158    8  6.0    -0.096   1.769   0.092   1.990
  159    8  6.0    -0.091   1.543   0.092   1.990
  160    8  6.0    -0.096   1.767   0.092   1.990
  161    8  6.0    -0.092   1.592   0.092   1.990
  162    8  6.0    -0.095   1.751   0.092   1.990
  163    8  6.0    -0.095   1.754   0.092   1.990
  164    8  6.0    -0.095   1.652   0.092   1.990
  165    8  6.0    -0.095   1.788   0.092   1.990
  166    8  6.0    -0.087   1.588   0.092   1.990
  167    8  6.0    -0.090   1.525   0.092   1.990
  168    8  6.0    -0.095   1.731   0.092   1.990
  169    8  6.0    -0.092   1.792   0.092   1.990
  170    8  6.0    -0.095   1.722   0.092   1.990
  171    8  6.0    -0.094   1.672   0.092   1.990
  172    8  6.0    -0.090   1.582   0.092   1.990
  173    8  6.0    -0.093   1.725   0.092   1.990
  174    8  6.0    -0.091   1.628   0.092   1.990
  175    8  6.0    -0.099   1.974   0.092   1.991
  176    8  6.0    -0.095   1.701   0.092   1.990
  177    8  6.0    -0.091   1.670   0.092   1.990
  178    8  6.0    -0.096   1.704   0.092   1.990
  179    8  6.0    -0.098   1.899   0.092   1.991
  180    8  6.0    -0.094   1.711   0.092   1.990
  181    8  6.0    -0.096   1.750   0.092   1.990
  182    8  6.0    -0.089   1.568   0.092   1.990
  183    8  6.0    -0.095   1.786   0.092   1.990
  184    8  6.0    -0.093   1.669   0.092   1.990
  185    8  6.0    -0.095   1.684   0.092   1.990
  186    8  6.0    -0.088   1.586   0.092   1.990
  187    8  6.0    -0.095   1.776   0.092   1.990
  188    8  6.0    -0.093   1.649   0.092   1.990
  189    8  6.0    -0.097   1.856   0.092   1.990
  190    8  6.0    -0.095   1.861   0.092   1.990
  191    8  6.0    -0.096   1.860   0.092   1.991
  192    8  6.0    -0.095   1.727   0.092   1.990
  193    8  6.0    -0.095   1.753   0.092   1.990
  194    8  6.0    -0.098   1.912   0.092   1.991
  195    8  6.0    -0.098   1.904   0.092   1.990
  196    8  6.0    -0.092   1.653   0.092   1.990
  197    8  6.0    -0.093   1.726   0.092   1.990
  198    8  6.0    -0.089   1.572   0.092   1.990
  199    8  6.0    -0.097   1.814   0.092   1.990
  200    8  6.0    -0.098   1.836   0.092   1.990
  201    8  6.0    -0.091   1.637   0.092   1.990
  202    8  6.0    -0.096   1.785   0.092   1.990
  203    8  6.0    -0.094   1.645   0.092   1.990
  204    8  6.0    -0.094   1.675   0.092   1.990
  205    8  6.0    -0.096   1.810   0.092   1.990
  206    8  6.0    -0.089   1.603   0.092   1.990
  207    8  6.0    -0.096   1.802   0.092   1.991
  208    8  6.0    -0.088   1.522   0.092   1.990
  209    8  6.0    -0.097   1.882   0.092   1.991
  210    8  6.0    -0.094   1.715   0.092   1.990
  211    8  6.0    -0.094   1.796   0.092   1.990
  212    8  6.0    -0.097   1.840   0.092   1.990
  213    8  6.0    -0.091   1.597   0.092   1.990
  214    8  6.0    -0.097   1.849   0.092   1.991
  215    8  6.0    -0.094   1.677   0.092   1.990
  216    8  6.0    -0.090   1.588   0.092   1.990
  217    8  6.0    -0.092   1.571   0.092   1.990
  218    8  6.0    -0.098   1.934   0.092   1.991
  219    8  6.0    -0.092   1.823   0.092   1.991
  220    8  6.0    -0.099   2.051   0.092   1.994
  221    8  6.0    -0.098   1.960   0.092   1.991
  222    8  6.0    -0.089   1.562   0.092   1.990
  223    8  6.0    -0.087   1.522   0.092   1.990
  224    8  6.0    -0.098   1.836   0.092   1.990
  225    8  6.0    -0.091   1.629   0.092   1.990
  226    8  6.0    -0.100   2.028   0.092   1.992
  227    8  6.0    -0.097   1.679   0.092   1.990
  228    8  6.0    -0.092   1.636   0.092   1.990
  229    8  6.0    -0.092   1.712   0.092   1.990
  230    8  6.0    -0.094   1.742   0.092   1.990
  231    8  6.0    -0.095   1.786   0.092   1.990
  232    8  6.0    -0.091   1.653   0.092   1.990
  233    8  6.0    -0.097   1.928   0.092   1.991
  234    8  6.0    -0.088   1.558   0.092   1.990
  235    8  6.0    -0.093   1.678   0.092   1.990
  236    8  6.0    -0.103   2.119   0.092   1.991
  237    8  6.0    -0.091   1.539   0.092   1.990
  238    8  6.0    -0.093   1.700   0.092   1.990
  239    8  6.0    -0.094   1.672   0.092   1.990
  240    8  6.0    -0.094   1.695   0.092   1.990
  241    8  6.0    -0.093   1.685   0.092   1.990
  242    8  6.0    -0.098   1.950   0.092   1.991
  243    8  6.0    -0.094   1.773   0.092   1.990
  244    8  6.0    -0.089   1.612   0.092   1.990
  245    8  6.0    -0.093   1.707   0.092   1.990
  246    8  6.0    -0.089   1.544   0.092   1.990
  247    8  6.0    -0.096   1.787   0.092   1.990
  248    8  6.0    -0.092   1.663   0.092   1.990
  249    8  6.0    -0.092   1.693   0.092   1.990
  250    8  6.0    -0.096   1.876   0.092   1.991
  251    8  6.0    -0.097   1.847   0.092   1.991
  252    8  6.0    -0.098   1.911   0.092   1.990
  253    8  6.0    -0.098   1.906   0.092   1.991
  254    8  6.0    -0.098   1.922   0.092   1.991
  255    8  6.0    -0.093   1.698   0.092   1.990
  256    8  6.0    -0.097   1.845   0.092   1.990
  257    8  6.0    -0.098   1.871   0.092   1.990
  258    8  6.0    -0.098   1.878   0.092   1.991
  259    8  6.0    -0.091   1.616   0.092   1.990
  260    8  6.0    -0.094   1.673   0.092   1.990
  261    8  6.0    -0.094   1.652   0.092   1.990
  262    8  6.0    -0.088   1.601   0.092   1.990
  263    8  6.0    -0.097   1.800   0.092   1.990
  264    8  6.0    -0.092   1.763   0.092   1.990
  265    8  6.0    -0.094   1.634   0.092   1.990
  266    8  6.0    -0.095   1.742   0.092   1.990
  267    8  6.0    -0.094   1.625   0.092   1.990
  268    8  6.0    -0.095   1.746   0.092   1.990
  269    8  6.0    -0.095   1.738   0.092   1.990
  270    8  6.0    -0.087   1.511   0.092   1.990
  271    8  6.0    -0.101   2.077   0.092   1.991
  272    8  6.0    -0.098   2.002   0.092   1.997
  273    8  6.0    -0.095   1.738   0.092   1.990
  274    8  6.0    -0.097   1.903   0.092   1.991
  275    8  6.0    -0.097   1.795   0.092   1.990
  276    8  6.0    -0.094   1.770   0.092   1.990
  277    8  6.0    -0.087   1.566   0.092   1.990
  278    8  6.0    -0.091   1.667   0.092   1.990
  279    8  6.0    -0.090   1.603   0.092   1.990
  280    8  6.0    -0.093   1.676   0.092   1.990
  281    8  6.0    -0.093   1.669   0.092   1.990
  282    8  6.0    -0.098   1.793   0.092   1.990
  283    8  6.0    -0.089   1.515   0.092   1.990
  284    8  6.0    -0.088   1.563   0.092   1.990
  285    8  6.0    -0.090   1.586   0.092   1.990
  286    8  6.0    -0.100   2.003   0.092   1.992
  287    8  6.0    -0.095   1.708   0.092   1.990
  288    8  6.0    -0.092   1.617   0.092   1.990
  289    8  6.0    -0.097   1.771   0.092   1.990
  290    8  6.0    -0.096   1.849   0.092   1.990
  291    8  6.0    -0.092   1.675   0.092   1.990
  292    8  6.0    -0.092   1.625   0.092   1.990
  293    8  6.0    -0.095   1.700   0.092   1.990
  294    8  6.0    -0.092   1.646   0.092   1.990
  295    8  6.0    -0.091   1.564   0.092   1.990
  296    8  6.0    -0.091   1.648   0.092   1.990
  297    8  6.0    -0.096   1.791   0.092   1.991
  298    8  6.0    -0.096   1.850   0.092   1.991
  299    8  6.0    -0.094   1.664   0.092   1.990
  300    8  6.0    -0.097   1.873   0.092   1.990
  301    8  6.0    -0.098   1.882   0.092   1.990
  302    8  6.0    -0.094   1.735   0.092   1.990
  303    8  6.0    -0.098   1.888   0.092   1.991
  304    8  6.0    -0.099   1.952   0.092   1.992
  305    8  6.0    -0.088   1.575   0.092   1.990
  306    8  6.0    -0.093   1.756   0.092   1.991
  307    8  6.0    -0.093   1.762   0.092   1.990
  308    8  6.0    -0.093   1.692   0.092   1.990
  309    8  6.0    -0.095   1.746   0.092   1.990
  310    8  6.0    -0.093   1.684   0.092   1.990
  311    8  6.0    -0.091   1.572   0.092   1.990
  312    8  6.0    -0.095   1.787   0.092   1.990
  313    8  6.0    -0.096   1.851   0.092   1.991
  314    8  6.0    -0.097   1.835   0.092   1.990
  315    8  6.0    -0.091   1.658   0.092   1.990
  316    8  6.0    -0.101   2.075   0.092   1.991
  317    8  6.0    -0.090   1.619   0.092   1.990
  318    8  6.0    -0.092   1.665   0.092   1.990
  319    8  6.0    -0.098   1.913   0.092   1.991
  320    8  6.0    -0.092   1.702   0.092   1.990
  321    8  6.0    -0.092   1.720   0.092   1.990
  322    8  6.0    -0.095   1.702   0.092   1.990
  323    8  6.0    -0.093   1.637   0.092   1.990
  324    8  6.0    -0.098   1.919   0.092   1.991
  325    8  6.0    -0.096   1.765   0.092   1.990
  326    8  6.0    -0.097   1.750   0.092   1.990
  327    8  6.0    -0.094   1.658   0.092   1.990
  328    8  6.0    -0.096   1.729   0.092   1.990
  329    8  6.0    -0.096   1.773   0.092   1.990
  330    8  6.0    -0.097   1.807   0.092   1.990
  331    8  6.0    -0.097   1.807   0.092   1.990
  332    8  6.0    -0.094   1.704   0.092   1.990
  333    8  6.0    -0.098   1.905   0.092   1.990
  334    8  6.0    -0.090   1.580   0.092   1.990
  335    8  6.0    -0.088   1.545   0.092   1.990
  336    8  6.0    -0.099   1.895   0.092   1.990
  337    8  6.0    -0.090   1.601   0.092   1.990
  338    8  6.0    -0.091   1.656   0.092   1.990
  339    8  6.0    -0.091   1.568   0.092   1.990
  340    8  6.0    -0.094   1.663   0.092   1.990
  341    8  6.0    -0.091   1.561   0.092   1.990
  342    8  6.0    -0.093   1.690   0.092   1.990
  343    8  6.0    -0.095   1.882   0.092   1.993
  344    8  6.0    -0.086   1.557   0.092   1.990
  345    8  6.0    -0.094   1.700   0.092   1.990
  346    8  6.0    -0.098   1.917   0.092   1.991
  347    8  6.0    -0.097   1.824   0.092   1.990
  348    8  6.0    -0.096   1.733   0.092   1.990
  349    8  6.0    -0.096   1.759   0.092   1.990
  350    8  6.0    -0.098   1.901   0.092   1.991
  351    8  6.0    -0.095   1.722   0.092   1.990
  352    8  6.0    -0.097   1.948   0.092   1.993
  353    8  6.0    -0.095   1.679   0.092   1.990
  354    8  6.0    -0.090   1.604   0.092   1.990
  355    8  6.0    -0.088   1.593   0.092   1.990
  356    8  6.0    -0.095   1.782   0.092   1.990
  357    8  6.0    -0.094   1.752   0.092   1.990
  358    8  6.0    -0.095   1.812   0.092   1.990
  359    8  6.0    -0.085   1.583   0.092   1.990
  360    8  6.0    -0.096   1.790   0.092   1.990
  361    8  6.0    -0.092   1.594   0.092   1.990
  362    8  6.0    -0.085   1.545   0.092   1.990
  363    8  6.0    -0.094   1.706   0.092   1.990
  364    8  6.0    -0.093   1.705   0.092   1.990
  365    8  6.0    -0.095   1.734   0.092   1.990
  366    8  6.0    -0.094   1.760   0.092   1.990
  367    8  6.0    -0.097   1.715   0.092   1.990
  368    8  6.0    -0.099   1.944   0.092   1.992
  369    8  6.0    -0.093   1.701   0.092   1.990
  370    8  6.0    -0.091   1.660   0.092   1.990
  371    8  6.0    -0.088   1.571   0.092   1.990
  372    8  6.0    -0.097   1.810   0.092   1.990
  373    8  6.0    -0.086   1.629   0.092   1.990
  374    8  6.0    -0.096   1.835   0.092   1.990
  375    8  6.0    -0.096   1.727   0.092   1.990
  376    8  6.0    -0.095   1.730   0.092   1.990
  377    8  6.0    -0.090   1.629   0.092   1.990
  378    8  6.0    -0.089   1.557   0.092   1.990
  379    8  6.0    -0.094   1.766   0.092   1.990
  380    8  6.0    -0.096   1.747   0.092   1.990
  381    8  6.0    -0.096   1.856   0.092   1.991
  382    8  6.0    -0.087   1.563   0.092   1.990
  383    8  6.0    -0.091   1.731   0.092   1.990
  384    8  6.0    -0.092   1.637   0.092   1.990
  385    8  6.0    -0.099   1.924   0.092   1.990
  386    8  6.0    -0.094   1.638   0.092   1.990
  387    8  6.0    -0.094   1.726   0.092   1.990
  388    8  6.0    -0.091   1.644   0.092   1.990
  389    8  6.0    -0.087   1.572   0.092   1.990
  390    8  6.0    -0.099   2.040   0.092   1.992
  391    8  6.0    -0.097   1.800   0.092   1.990
  392    8  6.0    -0.100   2.057   0.092   1.991
  393    8  6.0    -0.100   1.958   0.092   1.992
  394    8  6.0    -0.095   1.681   0.092   1.990
  395    8  6.0    -0.093   1.747   0.092   1.990
  396    8  6.0    -0.093   1.689   0.092   1.990
  397    8  6.0    -0.097   1.856   0.092   1.990
  398    8  6.0    -0.095   1.719   0.092   1.990
  399    8  6.0    -0.096   1.757   0.092   1.990
  400    8  6.0    -0.097   1.814   0.092   1.991
  401    8  6.0    -0.096   1.742   0.092   1.990
  402    8  6.0    -0.094   1.737   0.092   1.990
  403    8  6.0    -0.093   1.647   0.092   1.990
  404    8  6.0    -0.094   1.688   0.092   1.990
  405    8  6.0    -0.097   1.883   0.092   1.991
  406    8  6.0    -0.090   1.607   0.092   1.990
  407    8  6.0    -0.095   1.731   0.092   1.990
  408    8  6.0    -0.099   1.943   0.092   1.991
  409    8  6.0    -0.093   1.569   0.092   1.990
  410    8  6.0    -0.096   1.764   0.092   1.990
  411    8  6.0    -0.086   1.542   0.092   1.990
  412    8  6.0    -0.096   1.800   0.092   1.990
  413    8  6.0    -0.088   1.510   0.092   1.990
  414    8  6.0    -0.098   1.836   0.092   1.990
  415    8  6.0    -0.089   1.581   0.092   1.990
  416    8  6.0    -0.094   1.735   0.092   1.990
  417    8  6.0    -0.094   1.750   0.092   1.990
  418    8  6.0    -0.095   1.714   0.092   1.990
  419    8  6.0    -0.089   1.626   0.092   1.990
  420    8  6.0    -0.097   1.772   0.092   1.990
  421    8  6.0    -0.097   1.837   0.092   1.990
  422    8  6.0    -0.100   1.992   0.092   1.992
  423    8  6.0    -0.088   1.549   0.092   1.990
  424    8  6.0    -0.095   1.827   0.092   1.990
  425    8  6.0    -0.091   1.564   0.092   1.990
  426    8  6.0    -0.094   1.666   0.092   1.990
  427    8  6.0    -0.090   1.625   0.092   1.990
  428    8  6.0    -0.093   1.646   0.092   1.990
  429    8  6.0    -0.095   1.680   0.092   1.990
  430    8  6.0    -0.094   1.722   0.092   1.990
  431    8  6.0    -0.094   1.702   0.092   1.990
  432    8  6.0    -0.095   1.694   0.092   1.990
  433    8  6.0    -0.101   2.187   0.093   1.993
  434    8  6.0    -0.086   1.566   0.092   1.990
  435    8  6.0    -0.092   1.594   0.092   1.990
  436    8  6.0    -0.089   1.591   0.092   1.990
  437    8  6.0    -0.096   1.994   0.093   2.009
  438    8  6.0    -0.092   1.634   0.092   1.990
  439    8  6.0    -0.095   1.759   0.092   1.990
  440    8  6.0    -0.087   1.512   0.092   1.990
  441    8  6.0    -0.096   1.755   0.092   1.990
  442    8  6.0    -0.094   1.621   0.092   1.990
  443    8  6.0    -0.093   1.611   0.092   1.990
  444    8  6.0    -0.094   1.710   0.092   1.990
  445    8  6.0    -0.092   1.592   0.092   1.990
  446    8  6.0    -0.092   1.654   0.092   1.990
  447    8  6.0    -0.095   1.765   0.092   1.991
  448    8  6.0    -0.098   1.746   0.092   1.990
  449    8  6.0    -0.094   1.719   0.092   1.990
  450    8  6.0    -0.095   1.698   0.092   1.990
  451    8  6.0    -0.095   1.778   0.092   1.990
  452    8  6.0    -0.099   1.962   0.092   1.991
  453    8  6.0    -0.095   1.648   0.092   1.990
  454    8  6.0    -0.093   1.756   0.092   1.990
  455    8  6.0    -0.094   1.801   0.092   1.990
  456    8  6.0    -0.094   1.685   0.092   1.990
  457    8  6.0    -0.098   1.861   0.092   1.990
  458    8  6.0    -0.086   1.560   0.092   1.990
  459    8  6.0    -0.100   2.038   0.092   1.991
  460    8  6.0    -0.092   1.594   0.092   1.990
  461    8  6.0    -0.095   1.783   0.092   1.991
  462    8  6.0    -0.093   1.609   0.092   1.990
  463    8  6.0    -0.091   1.637   0.092   1.990
  464    8  6.0    -0.096   1.720   0.092   1.990
  465    8  6.0    -0.096   1.776   0.092   1.990
  466    8  6.0    -0.092   1.616   0.092   1.990
  467    8  6.0    -0.094   1.688   0.092   1.990
  468    8  6.0    -0.096   1.773   0.092   1.990
  469    8  6.0    -0.098   1.870   0.092   1.990
  470    8  6.0    -0.098   1.954   0.092   1.991
  471    8  6.0    -0.092   1.637   0.092   1.990
  472    8  6.0    -0.094   1.774   0.092   1.991
  473    8  6.0    -0.095   1.679   0.092   1.990
  474    8  6.0    -0.093   1.611   0.092   1.990
  475    8  6.0    -0.095   1.772   0.092   1.990
  476    8  6.0    -0.098   1.839   0.092   1.990
  477    8  6.0    -0.100   2.015   0.092   1.991
  478    8  6.0    -0.092   1.790   0.092   1.990
  479    8  6.0    -0.091   1.620   0.092   1.990
  480    8  6.0    -0.092   1.668   0.092   1.990
  481    8  6.0    -0.095   1.686   0.092   1.990
  482    8  6.0    -0.098   1.879   0.092   1.991
  483    8  6.0    -0.100   1.997   0.092   1.991
  484    8  6.0    -0.090   1.554   0.092   1.990
  485    8  6.0    -0.094   1.684   0.092   1.990
  486    8  6.0    -0.098   1.852   0.092   1.991
  487    8  6.0    -0.094   1.693   0.092   1.990
  488    8  6.0    -0.092   1.576   0.092   1.990
  489    8  6.0    -0.094   1.701   0.092   1.990
  490    8  6.0    -0.092   1.703   0.092   1.990
  491    8  6.0    -0.088   1.616   0.092   1.990
  492    8  6.0    -0.097   1.898   0.092   1.990
  493    8  6.0    -0.096   1.824   0.092   1.991
  494    8  6.0    -0.086   1.559   0.092   1.990
  495    8  6.0    -0.096   1.883   0.092   1.990
  496    8  6.0    -0.094   1.725   0.092   1.990
  497    8  6.0    -0.096   1.876   0.092   1.991
  498    8  6.0    -0.098   1.870   0.092   1.991
  499    8  6.0    -0.088   1.595   0.092   1.990
  500    8  6.0    -0.098   1.857   0.092   1.991
  501    8  6.0    -0.086   1.545   0.092   1.990
  502    8  6.0    -0.086   1.545   0.092   1.990
  503    8  6.0    -0.094   1.640   0.092   1.990
  504    8  6.0    -0.096   1.798   0.092   1.990
  505    8  6.0    -0.092   1.638   0.092   1.990
  506    8  6.0    -0.092   1.713   0.092   1.990
  507    8  6.0    -0.092   1.659   0.092   1.990
  508    8  6.0    -0.096   1.721   0.092   1.990
  509    8  6.0    -0.092   1.743   0.092   1.990
  510    8  6.0    -0.094   1.671   0.092   1.990
  511    8  6.0    -0.093   1.701   0.092   1.990
  512    8  6.0    -0.088   1.617   0.092   1.990
  513    1  1.0     0.049   0.903   0.046   0.995
  514    1  1.0     0.045   0.787   0.046   0.995
  515    1  1.0     0.050   0.883   0.046   0.995
  516    1  1.0     0.049   0.905   0.046   0.995
  517    1  1.0     0.048   0.834   0.046   0.995
  518    1  1.0     0.049   0.853   0.046   0.995
  519    1  1.0     0.050   0.920   0.046   0.995
  520    1  1.0     0.047   0.801   0.046   0.995
  521    1  1.0     0.050   0.901   0.046   0.995
  522    1  1.0     0.051   0.909   0.046   0.995
  523    1  1.0     0.041   0.770   0.046   0.995
  524    1  1.0     0.042   0.770   0.046   0.995
  525    1  1.0     0.042   0.770   0.046   0.995
  526    1  1.0     0.047   0.861   0.046   0.995
  527    1  1.0     0.047   0.795   0.046   0.995
  528    1  1.0     0.049   0.894   0.046   0.995
  529    1  1.0     0.048   0.836   0.046   0.995
  530    1  1.0     0.051   0.929   0.046   0.995
  531    1  1.0     0.045   0.770   0.046   0.995
  532    1  1.0     0.049   0.898   0.046   0.995
  533    1  1.0     0.045   0.770   0.046   0.995
  534    1  1.0     0.048   0.821   0.046   0.995
  535    1  1.0     0.052   0.900   0.046   0.995
  536    1  1.0     0.047   0.792   0.046   0.995
  537    1  1.0     0.041   0.770   0.046   0.995
  538    1  1.0     0.040   0.770   0.046   0.995
  539    1  1.0     0.048   0.826   0.046   0.995
  540    1  1.0     0.050   0.875   0.046   0.995
  541    1  1.0     0.040   0.770   0.046   0.995
  542    1  1.0     0.047   0.874   0.046   0.995
  543    1  1.0     0.043   0.770   0.046   0.995
  544    1  1.0     0.044   0.778   0.046   0.995
  545    1  1.0     0.041   0.770   0.046   0.995
  546    1  1.0     0.043   0.770   0.046   0.995
  547    1  1.0     0.046   0.786   0.046   0.995
  548    1  1.0     0.045   0.787   0.046   0.995
  549    1  1.0     0.045   0.770   0.046   0.995
  550    1  1.0     0.049   0.866   0.046   0.995
  551    1  1.0     0.050   0.896   0.046   0.995
  552    1  1.0     0.047   0.817   0.046   0.995
  553    1  1.0     0.052   0.957   0.046   0.996
  554    1  1.0     0.048   0.787   0.046   0.995
  555    1  1.0     0.047   0.802   0.046   0.995
  556    1  1.0     0.047   0.841   0.046   0.995
  557    1  1.0     0.050   0.852   0.046   0.995
  558    1  1.0     0.048   0.889   0.046   0.995
  559    1  1.0     0.047   0.807   0.046   0.995
  560    1  1.0     0.047   0.771   0.046   0.995
  561    1  1.0     0.050   0.873   0.046   0.995
  562    1  1.0     0.052   0.941   0.046   0.995
  563    1  1.0     0.043   0.770   0.046   0.995
  564    1  1.0     0.046   0.830   0.046   0.995
  565    1  1.0     0.051   0.954   0.046   0.996
  566    1  1.0     0.048   0.816   0.046   0.995
  567    1  1.0     0.045   0.773   0.046   0.995
  568    1  1.0     0.048   0.808   0.046   0.995
  569    1  1.0     0.049   0.889   0.046   0.995
  570    1  1.0     0.050   0.828   0.046   0.995
  571    1  1.0     0.052   0.981   0.046   0.997
  572    1  1.0     0.048   0.874   0.046   0.995
  573    1  1.0     0.050   0.909   0.046   0.995
  574    1  1.0     0.045   0.776   0.046   0.995
  575    1  1.0     0.047   0.812   0.046   0.995
  576    1  1.0     0.050   0.883   0.046   0.995
  577    1  1.0     0.042   0.770   0.046   0.995
  578    1  1.0     0.048   0.909   0.046   0.995
  579    1  1.0     0.042   0.770   0.046   0.995
  580    1  1.0     0.042   0.770   0.046   0.995
  581    1  1.0     0.049   0.852   0.046   0.995
  582    1  1.0     0.049   0.930   0.046   0.995
  583    1  1.0     0.051   0.902   0.046   0.995
  584    1  1.0     0.044   0.770   0.046   0.995
  585    1  1.0     0.051   0.908   0.046   0.995
  586    1  1.0     0.049   0.822   0.046   0.995
  587    1  1.0     0.041   0.770   0.046   0.995
  588    1  1.0     0.042   0.770   0.046   0.995
  589    1  1.0     0.045   0.780   0.046   0.995
  590    1  1.0     0.046   0.798   0.046   0.995
  591    1  1.0     0.049   0.846   0.046   0.995
  592    1  1.0     0.050   0.798   0.046   0.995
  593    1  1.0     0.048   0.821   0.046   0.995
  594    1  1.0     0.046   0.794   0.046   0.995
  595    1  1.0     0.049   0.891   0.046   0.995
  596    1  1.0     0.048   0.827   0.046   0.995
  597    1  1.0     0.050   0.990   0.046   0.997
  598    1  1.0     0.046   0.790   0.046   0.995
  599    1  1.0     0.047   0.813   0.046   0.995
  600    1  1.0     0.047   0.775   0.046   0.995
  601    1  1.0     0.048   0.832   0.046   0.995
  602    1  1.0     0.043   0.770   0.046   0.995
  603    1  1.0     0.045   0.806   0.046   0.995
  604    1  1.0     0.047   0.856   0.046   0.995
  605    1  1.0     0.042   0.770   0.046   0.995
  606    1  1.0     0.042   0.775   0.046   0.995
  607    1  1.0     0.040   0.770   0.046   0.995
  608    1  1.0     0.045   0.802   0.046   0.995
  609    1  1.0     0.042   0.770   0.046   0.995
  610    1  1.0     0.044   0.771   0.046   0.995
  611    1  1.0     0.049   0.802   0.046   0.995
  612    1  1.0     0.049   0.865   0.046   0.995
  613    1  1.0     0.044   0.770   0.046   0.995
  614    1  1.0     0.049   0.871   0.046   0.995
  615    1  1.0     0.043   0.770   0.046   0.995
  616    1  1.0     0.042   0.770   0.046   0.995
  617    1  1.0     0.050   0.871   0.046   0.995
  618    1  1.0     0.050   0.867   0.046   0.995
  619    1  1.0     0.046   0.795   0.046   0.995
  620    1  1.0     0.048   0.904   0.046   0.995
  621    1  1.0     0.048   0.798   0.046   0.995
  622    1  1.0     0.045   0.782   0.046   0.995
  623    1  1.0     0.042   0.775   0.046   0.995
  624    1  1.0     0.049   0.967   0.046   0.996
  625    1  1.0     0.049   0.894   0.046   0.995
  626    1  1.0     0.043   0.770   0.046   0.995
  627    1  1.0     0.044   0.770   0.046   0.995
  628    1  1.0     0.047   0.828   0.046   0.995
  629    1  1.0     0.050   0.899   0.046   0.995
  630    1  1.0     0.046   0.773   0.046   0.995
  631    1  1.0     0.051   0.934   0.046   0.995
  632    1  1.0     0.048   0.852   0.046   0.995
  633    1  1.0     0.048   0.858   0.046   0.995
  634    1  1.0     0.049   0.844   0.046   0.995
  635    1  1.0     0.046   0.806   0.046   0.995
  636    1  1.0     0.048   0.855   0.046   0.995
  637    1  1.0     0.047   0.804   0.046   0.995
  638    1  1.0     0.048   0.784   0.046   0.995
  639    1  1.0     0.050   0.883   0.046   0.995
  640    1  1.0     0.049   0.811   0.046   0.995
  641    1  1.0     0.045   0.770   0.046   0.995
  642    1  1.0     0.050   0.905   0.046   0.995
  643    1  1.0     0.050   0.853   0.046   0.995
  644    1  1.0     0.043   0.770   0.046   0.995
  645    1  1.0     0.046   0.787   0.046   0.995
  646    1  1.0     0.041   0.770   0.046   0.995
  647    1  1.0     0.050   0.909   0.046   0.995
  648    1  1.0     0.049   0.837   0.046   0.995
  649    1  1.0     0.041   0.770   0.046   0.995
  650    1  1.0     0.048   0.873   0.046   0.995
  651    1  1.0     0.047   0.800   0.046   0.995
  652    1  1.0     0.047   0.856   0.046   0.995
  653    1  1.0     0.050   0.952   0.046   0.996
  654    1  1.0     0.046   0.784   0.046   0.995
  655    1  1.0     0.044   0.770   0.046   0.995
  656    1  1.0     0.048   0.877   0.046   0.995
  657    1  1.0     0.050   0.830   0.046   0.995
  658    1  1.0     0.044   0.770   0.046   0.995
  659    1  1.0     0.045   0.814   0.046   0.995
  660    1  1.0     0.048   0.780   0.046   0.995
  661    1  1.0     0.049   0.872   0.046   0.995
  662    1  1.0     0.040   0.770   0.046   0.995
  663    1  1.0     0.049   0.924   0.046   0.995
  664    1  1.0     0.047   0.883   0.046   0.995
  665    1  1.0     0.048   0.819   0.046   0.995
  666    1  1.0     0.047   0.818   0.046   0.995
  667    1  1.0     0.046   0.791   0.046   0.995
  668    1  1.0     0.051   0.873   0.046   0.995
  669    1  1.0     0.043   0.770   0.046   0.995
  670    1  1.0     0.044   0.770   0.046   0.995
  671    1  1.0     0.048   0.835   0.046   0.995
  672    1  1.0     0.050   0.868   0.046   0.995
  673    1  1.0     0.045   0.770   0.046   0.995
  674    1  1.0     0.048   0.789   0.046   0.995
  675    1  1.0     0.050   0.894   0.046   0.995
  676    1  1.0     0.049   0.826   0.046   0.995
  677    1  1.0     0.045   0.770   0.046   0.995
  678    1  1.0     0.048   0.905   0.046   0.995
  679    1  1.0     0.043   0.770   0.046   0.995
  680    1  1.0     0.043   0.770   0.046   0.995
  681    1  1.0     0.050   0.898   0.046   0.995
  682    1  1.0     0.046   0.867   0.046   0.995
  683    1  1.0     0.048   0.907   0.046   0.995
  684    1  1.0     0.048   0.902   0.046   0.995
  685    1  1.0     0.044   0.770   0.046   0.995
  686    1  1.0     0.043   0.770   0.046   0.995
  687    1  1.0     0.048   0.831   0.046   0.995
  688    1  1.0     0.048   0.805   0.046   0.995
  689    1  1.0     0.044   0.770   0.046   0.995
  690    1  1.0     0.041   0.770   0.046   0.995
  691    1  1.0     0.047   0.855   0.046   0.995
  692    1  1.0     0.046   0.808   0.046   0.995
  693    1  1.0     0.050   0.991   0.046   0.997
  694    1  1.0     0.049   0.838   0.046   0.995
  695    1  1.0     0.047   0.797   0.046   0.995
  696    1  1.0     0.048   0.853   0.046   0.995
  697    1  1.0     0.046   0.793   0.046   0.995
  698    1  1.0     0.047   0.774   0.046   0.995
  699    1  1.0     0.046   0.848   0.046   0.995
  700    1  1.0     0.047   0.809   0.046   0.995
  701    1  1.0     0.045   0.773   0.046   0.995
  702    1  1.0     0.048   0.840   0.046   0.995
  703    1  1.0     0.047   0.851   0.046   0.995
  704    1  1.0     0.048   0.843   0.046   0.995
  705    1  1.0     0.050   0.921   0.046   0.995
  706    1  1.0     0.048   0.814   0.046   0.995
  707    1  1.0     0.045   0.784   0.046   0.995
  708    1  1.0     0.044   0.778   0.046   0.995
  709    1  1.0     0.048   0.840   0.046   0.995
  710    1  1.0     0.049   0.876   0.046   0.995
  711    1  1.0     0.049   0.887   0.046   0.995
  712    1  1.0     0.042   0.776   0.046   0.995
  713    1  1.0     0.049   0.855   0.046   0.995
  714    1  1.0     0.047   0.820   0.046   0.995
  715    1  1.0     0.047   0.803   0.046   0.995
  716    1  1.0     0.048   0.823   0.046   0.995
  717    1  1.0     0.050   0.865   0.046   0.995
  718    1  1.0     0.046   0.778   0.046   0.995
  719    1  1.0     0.044   0.802   0.046   0.995
  720    1  1.0     0.042   0.770   0.046   0.995
  721    1  1.0     0.048   0.900   0.046   0.995
  722    1  1.0     0.046   0.823   0.046   0.995
  723    1  1.0     0.046   0.774   0.046   0.995
  724    1  1.0     0.047   0.804   0.046   0.995
  725    1  1.0     0.047   0.813   0.046   0.995
  726    1  1.0     0.048   0.804   0.046   0.995
  727    1  1.0     0.048   0.800   0.046   0.995
  728    1  1.0     0.051   0.932   0.046   0.995
  729    1  1.0     0.050   0.857   0.046   0.995
  730    1  1.0     0.049   0.822   0.046   0.995
  731    1  1.0     0.045   0.770   0.046   0.995
  732    1  1.0     0.043   0.770   0.046   0.995
  733    1  1.0     0.042   0.770   0.046   0.995
  734    1  1.0     0.044   0.771   0.046   0.995
  735    1  1.0     0.042   0.770   0.046   0.995
  736    1  1.0     0.047   0.778   0.046   0.995
  737    1  1.0     0.050   0.890   0.046   0.995
  738    1  1.0     0.050   0.909   0.046   0.995
  739    1  1.0     0.041   0.770   0.046   0.995
  740    1  1.0     0.048   0.887   0.046   0.995
  741    1  1.0     0.048   0.806   0.046   0.995
  742    1  1.0     0.050   0.846   0.046   0.995
  743    1  1.0     0.049   0.853   0.046   0.995
  744    1  1.0     0.047   0.838   0.046   0.995
  745    1  1.0     0.041   0.770   0.046   0.995
  746    1  1.0     0.049   0.916   0.046   0.995
  747    1  1.0     0.048   0.896   0.046   0.995
  748    1  1.0     0.048   0.837   0.046   0.995
  749    1  1.0     0.049   0.801   0.046   0.995
  750    1  1.0     0.051   0.965   0.046   0.996
  751    1  1.0     0.046   0.775   0.046   0.995
  752    1  1.0     0.050   0.867   0.046   0.995
  753    1  1.0     0.048   0.876   0.046   0.995
  754    1  1.0     0.042   0.770   0.046   0.995
  755    1  1.0     0.042   0.770   0.046   0.995
  756    1  1.0     0.048   0.859   0.046   0.995
  757    1  1.0     0.046   0.776   0.046   0.995
  758    1  1.0     0.048   0.868   0.046   0.995
  759    1  1.0     0.048   0.848   0.046   0.995
  760    1  1.0     0.044   0.770   0.046   0.995
  761    1  1.0     0.041   0.770   0.046   0.995
  762    1  1.0     0.042   0.771   0.046   0.995
  763    1  1.0     0.043   0.772   0.046   0.995
  764    1  1.0     0.050   0.876   0.046   0.995
  765    1  1.0     0.050   0.912   0.046   0.995
  766    1  1.0     0.048   0.869   0.046   0.995
  767    1  1.0     0.043   0.770   0.046   0.995
  768    1  1.0     0.043   0.774   0.046   0.995
  769    1  1.0     0.049   0.853   0.046   0.995
  770    1  1.0     0.042   0.770   0.046   0.995
  771    1  1.0     0.051   0.807   0.046   0.995
  772    1  1.0     0.052   0.895   0.046   0.995
  773    1  1.0     0.044   0.770   0.046   0.995
  774    1  1.0     0.048   0.915   0.046   0.995
  775    1  1.0     0.050   0.940   0.046   0.995
  776    1  1.0     0.044   0.770   0.046   0.995
  777    1  1.0     0.047   0.824   0.046   0.995
  778    1  1.0     0.049   0.875   0.046   0.995
  779    1  1.0     0.042   0.770   0.046   0.995
  780    1  1.0     0.042   0.770   0.046   0.995
  781    1  1.0     0.050   0.878   0.046   0.995
  782    1  1.0     0.047   0.781   0.046   0.995
  783    1  1.0     0.044   0.770   0.046   0.995
  784    1  1.0     0.049   0.896   0.046   0.995
  785    1  1.0     0.050   0.919   0.046   0.995
  786    1  1.0     0.043   0.772   0.046   0.995
  787    1  1.0     0.048   0.839   0.046   0.995
  788    1  1.0     0.050   0.881   0.046   0.995
  789    1  1.0     0.043   0.770   0.046   0.995
  790    1  1.0     0.049   0.882   0.046   0.995
  791    1  1.0     0.047   0.840   0.046   0.995
  792    1  1.0     0.045   0.785   0.046   0.995
  793    1  1.0     0.050   0.874   0.046   0.995
  794    1  1.0     0.044   0.770   0.046   0.995
  795    1  1.0     0.049   0.846   0.046   0.995
  796    1  1.0     0.049   0.924   0.046   0.995
  797    1  1.0     0.051   0.927   0.046   0.995
  798    1  1.0     0.048   0.843   0.046   0.995
  799    1  1.0     0.045   0.779   0.046   0.995
  800    1  1.0     0.043   0.775   0.046   0.995
  801    1  1.0     0.043   0.771   0.046   0.995
  802    1  1.0     0.045   0.784   0.046   0.995
  803    1  1.0     0.049   0.934   0.046   0.995
  804    1  1.0     0.052   1.008   0.046   0.999
  805    1  1.0     0.048   0.810   0.046   0.995
  806    1  1.0     0.048   0.906   0.046   0.995
  807    1  1.0     0.045   0.770   0.046   0.995
  808    1  1.0     0.046   0.779   0.046   0.995
  809    1  1.0     0.042   0.770   0.046   0.995
  810    1  1.0     0.045   0.789   0.046   0.995
  811    1  1.0     0.048   0.779   0.046   0.995
  812    1  1.0     0.048   0.779   0.046   0.995
  813    1  1.0     0.042   0.770   0.046   0.995
  814    1  1.0     0.042   0.770   0.046   0.995
  815    1  1.0     0.048   0.807   0.046   0.995
  816    1  1.0     0.048   0.868   0.046   0.995
  817    1  1.0     0.047   0.854   0.046   0.995
  818    1  1.0     0.040   0.770   0.046   0.995
  819    1  1.0     0.049   0.806   0.046   0.995
  820    1  1.0     0.048   0.818   0.046   0.995
  821    1  1.0     0.045   0.777   0.046   0.995
  822    1  1.0     0.043   0.772   0.046   0.995
  823    1  1.0     0.047   0.777   0.046   0.995
  824    1  1.0     0.047   0.794   0.046   0.995
  825    1  1.0     0.051   0.930   0.046   0.995
  826    1  1.0     0.052   0.930   0.046   0.995
  827    1  1.0     0.048   0.794   0.046   0.995
  828    1  1.0     0.049   0.853   0.046   0.995
  829    1  1.0     0.047   0.807   0.046   0.995
  830    1  1.0     0.041   0.770   0.046   0.995
  831    1  1.0     0.049   0.917   0.046   0.995
  832    1  1.0     0.043   0.782   0.046   0.995
  833    1  1.0     0.045   0.787   0.046   0.995
  834    1  1.0     0.049   0.877   0.046   0.995
  835    1  1.0     0.051   0.926   0.046   0.995
  836    1  1.0     0.043   0.770   0.046   0.995
  837    1  1.0     0.051   0.953   0.046   0.996
  838    1  1.0     0.044   0.774   0.046   0.995
  839    1  1.0     0.049   0.863   0.046   0.995
  840    1  1.0     0.047   0.806   0.046   0.995
  841    1  1.0     0.044   0.771   0.046   0.995
  842    1  1.0     0.047   0.787   0.046   0.995
  843    1  1.0     0.049   0.849   0.046   0.995
  844    1  1.0     0.047   0.876   0.046   0.995
  845    1  1.0     0.040   0.770   0.046   0.995
  846    1  1.0     0.041   0.770   0.046   0.995
  847    1  1.0     0.046   0.771   0.046   0.995
  848    1  1.0     0.047   0.811   0.046   0.995
  849    1  1.0     0.047   0.810   0.046   0.995
  850    1  1.0     0.048   0.847   0.046   0.995
  851    1  1.0     0.051   0.848   0.046   0.995
  852    1  1.0     0.049   0.916   0.046   0.995
  853    1  1.0     0.050   0.844   0.046   0.995
  854    1  1.0     0.049   0.905   0.046   0.995
  855    1  1.0     0.043   0.770   0.046   0.995
  856    1  1.0     0.042   0.770   0.046   0.995
  857    1  1.0     0.048   0.858   0.046   0.995
  858    1  1.0     0.048   0.857   0.046   0.995
  859    1  1.0     0.049   0.968   0.046   0.996
  860    1  1.0     0.046   0.778   0.046   0.995
  861    1  1.0     0.047   0.826   0.046   0.995
  862    1  1.0     0.051   0.967   0.046   0.996
  863    1  1.0     0.043   0.770   0.046   0.995
  864    1  1.0     0.048   0.853   0.046   0.995
  865    1  1.0     0.049   0.818   0.046   0.995
  866    1  1.0     0.043   0.770   0.046   0.995
  867    1  1.0     0.045   0.774   0.046   0.995
  868    1  1.0     0.046   0.778   0.046   0.995
  869    1  1.0     0.042   0.770   0.046   0.995
  870    1  1.0     0.050   0.957   0.046   0.996
  871    1  1.0     0.044   0.770   0.046   0.995
  872    1  1.0     0.048   0.825   0.046   0.995
  873    1  1.0     0.049   0.874   0.046   0.995
  874    1  1.0     0.041   0.770   0.046   0.995
  875    1  1.0     0.047   0.818   0.046   0.995
  876    1  1.0     0.050   0.850   0.046   0.995
  877    1  1.0     0.046   0.771   0.046   0.995
  878    1  1.0     0.049   0.885   0.046   0.995
  879    1  1.0     0.051   0.939   0.046   0.995
  880    1  1.0     0.044   0.770   0.046   0.995
  881    1  1.0     0.052   0.923   0.046   0.995
  882    1  1.0     0.045   0.781   0.046   0.995
  883    1  1.0     0.049   0.842   0.046   0.995
  884    1  1.0     0.049   0.889   0.046   0.995
  885    1  1.0     0.048   0.795   0.046   0.995
  886    1  1.0     0.045   0.786   0.046   0.995
  887    1  1.0     0.041   0.770   0.046   0.995
  888    1  1.0     0.045   0.773   0.046   0.995
  889    1  1.0     0.051   0.899   0.046   0.995
  890    1  1.0     0.047   0.777   0.046   0.995
  891    1  1.0     0.047   0.843   0.046   0.995
  892    1  1.0     0.047   0.785   0.046   0.995
  893    1  1.0     0.047   0.791   0.046   0.995
  894    1  1.0     0.050   0.883   0.046   0.995
  895    1  1.0     0.051   0.966   0.046   0.996
  896    1  1.0     0.049   0.776   0.046   0.995
  897    1  1.0     0.051   0.901   0.046   0.995
  898    1  1.0     0.050   0.950   0.046   0.996
  899    1  1.0     0.050   0.950   0.046   0.996
  900    1  1.0     0.052   0.986   0.046   0.997
  901    1  1.0     0.050   0.899   0.046   0.995
  902    1  1.0     0.050   0.885   0.046   0.995
  903    1  1.0     0.041   0.770   0.046   0.995
  904    1  1.0     0.042   0.770   0.046   0.995
  905    1  1.0     0.047   0.825   0.046   0.995
  906    1  1.0     0.050   0.826   0.046   0.995
  907    1  1.0     0.046   0.770   0.046   0.995
  908    1  1.0     0.043   0.770   0.046   0.995
  909    1  1.0     0.049   0.860   0.046   0.995
  910    1  1.0     0.048   0.851   0.046   0.995
  911    1  1.0     0.047   0.829   0.046   0.995
  912    1  1.0     0.049   0.873   0.046   0.995
  913    1  1.0     0.049   0.830   0.046   0.995
  914    1  1.0     0.048   0.824   0.046   0.995
  915    1  1.0     0.047   0.818   0.046   0.995
  916    1  1.0     0.051   0.884   0.046   0.995
  917    1  1.0     0.048   0.846   0.046   0.995
  918    1  1.0     0.049   0.885   0.046   0.995
  919    1  1.0     0.050   0.860   0.046   0.995
  920    1  1.0     0.046   0.863   0.046   0.995
  921    1  1.0     0.047   0.839   0.046   0.995
  922    1  1.0     0.044   0.780   0.046   0.995
  923    1  1.0     0.049   0.810   0.046   0.995
  924    1  1.0     0.045   0.778   0.046   0.995
  925    1  1.0     0.050   0.949   0.046   0.996
  926    1  1.0     0.046   0.770   0.046   0.995
  927    1  1.0     0.042   0.770   0.046   0.995
  928    1  1.0     0.046   0.800   0.046   0.995
  929    1  1.0     0.046   0.789   0.046   0.995
  930    1  1.0     0.050   0.880   0.046   0.995
  931    1  1.0     0.048   0.846   0.046   0.995
  932    1  1.0     0.048   0.792   0.046   0.995
  933    1  1.0     0.048   0.803   0.046   0.995
  934    1  1.0     0.052   0.965   0.046   0.996
  935    1  1.0     0.041   0.770   0.046   0.995
  936    1  1.0     0.049   0.922   0.046   0.995
  937    1  1.0     0.043   0.770   0.046   0.995
  938    1  1.0     0.048   0.864   0.046   0.995
  939    1  1.0     0.049   0.808   0.046   0.995
  940    1  1.0     0.050   0.950   0.046   0.996
  941    1  1.0     0.048   0.801   0.046   0.995
  942    1  1.0     0.048   0.924   0.046   0.995
  943    1  1.0     0.042   0.770   0.046   0.995
  944    1  1.0     0.047   0.880   0.046   0.995
  945    1  1.0     0.047   0.811   0.046   0.995
  946    1  1.0     0.041   0.770   0.046   0.995
  947    1  1.0     0.052   0.913   0.046   0.995
  948    1  1.0     0.048   0.808   0.046   0.995
  949    1  1.0     0.050   0.928   0.046   0.995
  950    1  1.0     0.044   0.772   0.046   0.995
  951    1  1.0     0.044   0.770   0.046   0.995
  952    1  1.0     0.046   0.805   0.046   0.995
  953    1  1.0     0.051   0.918   0.046   0.995
  954    1  1.0     0.047   0.824   0.046   0.995
  955    1  1.0     0.040   0.770   0.046   0.995
  956    1  1.0     0.041   0.770   0.046   0.995
  957    1  1.0     0.045   0.777   0.046   0.995
  958    1  1.0     0.045   0.770   0.046   0.995
  959    1  1.0     0.046   0.811   0.046   0.995
  960    1  1.0     0.043   0.770   0.046   0.995
  961    1  1.0     0.052   0.909   0.046   0.995
  962    1  1.0     0.051   0.856   0.046   0.995
  963    1  1.0     0.049   0.858   0.046   0.995
  964    1  1.0     0.053   0.946   0.046   0.995
  965    1  1.0     0.047   0.845   0.046   0.995
  966    1  1.0     0.050   0.906   0.046   0.995
  967    1  1.0     0.049   0.855   0.046   0.995
  968    1  1.0     0.047   0.783   0.046   0.995
  969    1  1.0     0.045   0.770   0.046   0.995
  970    1  1.0     0.049   0.817   0.046   0.995
  971    1  1.0     0.049   0.846   0.046   0.995
  972    1  1.0     0.049   0.848   0.046   0.995
  973    1  1.0     0.046   0.785   0.046   0.995
  974    1  1.0     0.050   0.892   0.046   0.995
  975    1  1.0     0.051   0.941   0.046   0.995
  976    1  1.0     0.049   0.834   0.046   0.995
  977    1  1.0     0.050   0.870   0.046   0.995
  978    1  1.0     0.047   0.772   0.046   0.995
  979    1  1.0     0.046   0.774   0.046   0.995
  980    1  1.0     0.048   0.848   0.046   0.995
  981    1  1.0     0.047   0.832   0.046   0.995
  982    1  1.0     0.043   0.770   0.046   0.995
  983    1  1.0     0.050   0.949   0.046   0.995
  984    1  1.0     0.049   0.872   0.046   0.995
  985    1  1.0     0.043   0.770   0.046   0.995
  986    1  1.0     0.049   0.809   0.046   0.995
  987    1  1.0     0.049   0.957   0.046   0.996
  988    1  1.0     0.049   0.898   0.046   0.995
  989    1  1.0     0.048   0.866   0.046   0.995
  990    1  1.0     0.051   0.941   0.046   0.995
  991    1  1.0     0.048   0.948   0.046   0.995
  992    1  1.0     0.051   0.979   0.046   0.996
  993    1  1.0     0.042   0.770   0.046   0.995
  994    1  1.0     0.048   0.832   0.046   0.995
  995    1  1.0     0.047   0.805   0.046   0.995
  996    1  1.0     0.053   0.969   0.046   0.996
  997    1  1.0     0.050   0.924   0.046   0.995
  998    1  1.0     0.044   0.772   0.046   0.995
  999    1  1.0     0.045   0.782   0.046   0.995
 1000    1  1.0     0.043   0.770   0.046   0.995
 1001    1  1.0     0.048   0.802   0.046   0.995
 1002    1  1.0     0.044   0.770   0.046   0.995
 1003    1  1.0     0.043   0.770   0.046   0.995
 1004    1  1.0     0.042   0.770   0.046   0.995
 1005    1  1.0     0.048   0.831   0.046   0.995
 1006    1  1.0     0.045   0.771   0.046   0.995
 1007    1  1.0     0.050   0.940   0.046   0.995
 1008    1  1.0     0.051   0.917   0.046   0.995
 1009    1  1.0     0.051   0.975   0.046   0.996
 1010    1  1.0     0.047   0.821   0.046   0.995
 1011    1  1.0     0.046   0.801   0.046   0.995
 1012    1  1.0     0.043   0.771   0.046   0.995
 1013    1  1.0     0.048   0.813   0.046   0.995
 1014    1  1.0     0.046   0.797   0.046   0.995
 1015    1  1.0     0.049   0.864   0.046   0.995
 1016    1  1.0     0.048   0.808   0.046   0.995
 1017    1  1.0     0.048   0.894   0.046   0.995
 1018    1  1.0     0.042   0.770   0.046   0.995
 1019    1  1.0     0.049   0.888   0.046   0.995
 1020    1  1.0     0.045   0.771   0.046   0.995
 1021    1  1.0     0.049   0.854   0.046   0.995
 1022    1  1.0     0.050   0.874   0.046   0.995
 1023    1  1.0     0.041   0.770   0.046   0.995
 1024    1  1.0     0.047   0.874   0.046   0.995
 1025    1  1.0     0.049   0.895   0.046   0.995
 1026    1  1.0     0.051   0.937   0.046   0.995
 1027    1  1.0     0.050   0.884   0.046   0.995
 1028    1  1.0     0.050   0.916   0.046   0.995
 1029    1  1.0     0.046   0.774   0.046   0.995
 1030    1  1.0     0.048   0.803   0.046   0.995
 1031    1  1.0     0.044   0.771   0.046   0.995
 1032    1  1.0     0.048   0.804   0.046   0.995
 1033    1  1.0     0.044   0.771   0.046   0.995
 1034    1  1.0     0.044   0.774   0.046   0.995
 1035    1  1.0     0.050   0.945   0.046   0.995
 1036    1  1.0     0.049   0.849   0.046   0.995
 1037    1  1.0     0.044   0.770   0.046   0.995
 1038    1  1.0     0.049   0.903   0.046   0.995
 1039    1  1.0     0.048   0.787   0.046   0.995
 1040    1  1.0     0.049   0.821   0.046   0.995
 1041    1  1.0     0.047   0.821   0.046   0.995
 1042    1  1.0     0.045   0.774   0.046   0.995
 1043    1  1.0     0.047   0.826   0.046   0.995
 1044    1  1.0     0.043   0.770   0.046   0.995
 1045    1  1.0     0.046   0.790   0.046   0.995
 1046    1  1.0     0.045   0.791   0.046   0.995
 1047    1  1.0     0.049   0.860   0.046   0.995
 1048    1  1.0     0.046   0.835   0.046   0.995
 1049    1  1.0     0.051   0.913   0.046   0.995
 1050    1  1.0     0.045   0.793   0.046   0.995
 1051    1  1.0     0.043   0.770   0.046   0.995
 1052    1  1.0     0.042   0.770   0.046   0.995
 1053    1  1.0     0.050   0.959   0.046   0.996
 1054    1  1.0     0.051   0.904   0.046   0.995
 1055    1  1.0     0.047   0.812   0.046   0.995
 1056    1  1.0     0.047   0.775   0.046   0.995
 1057    1  1.0     0.046   0.782   0.046   0.995
 1058    1  1.0     0.051   0.889   0.046   0.995
 1059    1  1.0     0.041   0.770   0.046   0.995
 1060    1  1.0     0.045   0.772   0.046   0.995
 1061    1  1.0     0.047   0.822   0.046   0.995
 1062    1  1.0     0.049   0.819   0.046   0.995
 1063    1  1.0     0.045   0.779   0.046   0.995
 1064    1  1.0     0.047   0.796   0.046   0.995
 1065    1  1.0     0.049   0.809   0.046   0.995
 1066    1  1.0     0.045   0.802   0.046   0.995
 1067    1  1.0     0.050   0.879   0.046   0.995
 1068    1  1.0     0.050   0.858   0.046   0.995
 1069    1  1.0     0.052   0.906   0.046   0.995
 1070    1  1.0     0.048   0.799   0.046   0.995
 1071    1  1.0     0.050   0.940   0.046   0.995
 1072    1  1.0     0.048   0.809   0.046   0.995
 1073    1  1.0     0.045   0.774   0.046   0.995
 1074    1  1.0     0.050   0.907   0.046   0.995
 1075    1  1.0     0.049   0.850   0.046   0.995
 1076    1  1.0     0.049   0.860   0.046   0.995
 1077    1  1.0     0.042   0.770   0.046   0.995
 1078    1  1.0     0.042   0.770   0.046   0.995
 1079    1  1.0     0.052   0.931   0.046   0.995
 1080    1  1.0     0.044   0.770   0.046   0.995
 1081    1  1.0     0.044   0.770   0.046   0.995
 1082    1  1.0     0.049   0.866   0.046   0.995
 1083    1  1.0     0.046   0.777   0.046   0.995
 1084    1  1.0     0.051   0.955   0.046   0.996
 1085    1  1.0     0.049   0.887   0.046   0.995
 1086    1  1.0     0.048   0.843   0.046   0.995
 1087    1  1.0     0.044   0.770   0.046   0.995
 1088    1  1.0     0.041   0.770   0.046   0.995
 1089    1  1.0     0.047   0.818   0.046   0.995
 1090    1  1.0     0.046   0.803   0.046   0.995
 1091    1  1.0     0.053   0.939   0.046   0.995
 1092    1  1.0     0.049   0.869   0.046   0.995
 1093    1  1.0     0.043   0.770   0.046   0.995
 1094    1  1.0     0.050   0.834   0.046   0.995
 1095    1  1.0     0.047   0.791   0.046   0.995
 1096    1  1.0     0.047   0.820   0.046   0.995
 1097    1  1.0     0.047   0.800   0.046   0.995
 1098    1  1.0     0.048   0.824   0.046   0.995
 1099    1  1.0     0.050   0.895   0.046   0.995
 1100    1  1.0     0.047   0.795   0.046   0.995
 1101    1  1.0     0.050   0.903   0.046   0.995
 1102    1  1.0     0.044   0.770   0.046   0.995
 1103    1  1.0     0.049   0.953   0.046   0.996
 1104    1  1.0     0.046   0.790   0.046   0.995
 1105    1  1.0     0.045   0.775   0.046   0.995
 1106    1  1.0     0.044   0.775   0.046   0.995
 1107    1  1.0     0.049   0.893   0.046   0.995
 1108    1  1.0     0.051   0.935   0.046   0.995
 1109    1  1.0     0.047   0.848   0.046   0.995
 1110    1  1.0     0.046   0.774   0.046   0.995
 1111    1  1.0     0.044   0.772   0.046   0.995
 1112    1  1.0     0.050   0.929   0.046   0.995
 1113    1  1.0     0.048   0.871   0.046   0.995
 1114    1  1.0     0.048   0.830   0.046   0.995
 1115    1  1.0     0.051   0.902   0.046   0.995
 1116    1  1.0     0.050   0.853   0.046   0.995
 1117    1  1.0     0.048   0.806   0.046   0.995
 1118    1  1.0     0.049   0.856   0.046   0.995
 1119    1  1.0     0.049   0.879   0.046   0.995
 1120    1  1.0     0.051   0.897   0.046   0.995
 1121    1  1.0     0.049   0.866   0.046   0.995
 1122    1  1.0     0.049   0.826   0.046   0.995
 1123    1  1.0     0.042   0.770   0.046   0.995
 1124    1  1.0     0.041   0.770   0.046   0.995
 1125    1  1.0     0.048   0.866   0.046   0.995
 1126    1  1.0     0.051   0.825   0.046   0.995
 1127    1  1.0     0.049   0.858   0.046   0.995
 1128    1  1.0     0.052   0.906   0.046   0.995
 1129    1  1.0     0.050   0.885   0.046   0.995
 1130    1  1.0     0.047   0.825   0.046   0.995
 1131    1  1.0     0.048   0.808   0.046   0.995
 1132    1  1.0     0.044   0.770   0.046   0.995
 1133    1  1.0     0.048   0.851   0.046   0.995
 1134    1  1.0     0.045   0.820   0.046   0.995
 1135    1  1.0     0.044   0.770   0.046   0.995
 1136    1  1.0     0.051   0.916   0.046   0.995
 1137    1  1.0     0.051   0.882   0.046   0.995
 1138    1  1.0     0.049   0.868   0.046   0.995
 1139    1  1.0     0.049   0.863   0.046   0.995
 1140    1  1.0     0.051   0.952   0.046   0.996
 1141    1  1.0     0.045   0.799   0.046   0.995
 1142    1  1.0     0.043   0.833   0.046   0.995
 1143    1  1.0     0.048   0.836   0.046   0.995
 1144    1  1.0     0.053   1.022   0.046   1.001
 1145    1  1.0     0.052   0.964   0.046   0.996
 1146    1  1.0     0.050   0.826   0.046   0.995
 1147    1  1.0     0.048   0.820   0.046   0.995
 1148    1  1.0     0.046   0.770   0.046   0.995
 1149    1  1.0     0.041   0.770   0.046   0.995
 1150    1  1.0     0.042   0.770   0.046   0.995
 1151    1  1.0     0.047   0.821   0.046   0.995
 1152    1  1.0     0.049   0.807   0.046   0.995
 1153    1  1.0     0.048   0.816   0.046   0.995
 1154    1  1.0     0.048   0.826   0.046   0.995
 1155    1  1.0     0.044   0.770   0.046   0.995
 1156    1  1.0     0.047   0.880   0.046   0.995
 1157    1  1.0     0.047   0.827   0.046   0.995
 1158    1  1.0     0.049   0.830   0.046   0.995
 1159    1  1.0     0.049   0.859   0.046   0.995
 1160    1  1.0     0.048   0.830   0.046   0.995
 1161    1  1.0     0.047   0.828   0.046   0.995
 1162    1  1.0     0.046   0.778   0.046   0.995
 1163    1  1.0     0.049   0.832   0.046   0.995
 1164    1  1.0     0.049   0.865   0.046   0.995
 1165    1  1.0     0.048   0.840   0.046   0.995
 1166    1  1.0     0.049   0.866   0.046   0.995
 1167    1  1.0     0.044   0.770   0.046   0.995
 1168    1  1.0     0.050   0.923   0.046   0.995
 1169    1  1.0     0.039   0.770   0.046   0.995
 1170    1  1.0     0.041   0.770   0.046   0.995
 1171    1  1.0     0.052   1.000   0.046   0.998
 1172    1  1.0     0.048   0.852   0.046   0.995
 1173    1  1.0     0.048   0.816   0.046   0.995
 1174    1  1.0     0.049   0.886   0.046   0.995
 1175    1  1.0     0.048   0.846   0.046   0.995
 1176    1  1.0     0.048   0.804   0.046   0.995
 1177    1  1.0     0.049   0.878   0.046   0.995
 1178    1  1.0     0.049   0.793   0.046   0.995
 1179    1  1.0     0.043   0.770   0.046   0.995
 1180    1  1.0     0.043   0.770   0.046   0.995
 1181    1  1.0     0.047   0.805   0.046   0.995
 1182    1  1.0     0.048   0.836   0.046   0.995
 1183    1  1.0     0.047   0.873   0.046   0.995
 1184    1  1.0     0.050   0.910   0.046   0.995
 1185    1  1.0     0.051   0.911   0.046   0.995
 1186    1  1.0     0.050   0.856   0.046   0.995
 1187    1  1.0     0.044   0.781   0.046   0.995
 1188    1  1.0     0.048   0.834   0.046   0.995
 1189    1  1.0     0.048   0.821   0.046   0.995
 1190    1  1.0     0.045   0.773   0.046   0.995
 1191    1  1.0     0.043   0.770   0.046   0.995
 1192    1  1.0     0.043   0.770   0.046   0.995
 1193    1  1.0     0.045   0.806   0.046   0.995
 1194    1  1.0     0.045   0.770   0.046   0.995
 1195    1  1.0     0.048   0.782   0.046   0.995
 1196    1  1.0     0.048   0.811   0.046   0.995
 1197    1  1.0     0.044   0.770   0.046   0.995
 1198    1  1.0     0.049   0.834   0.046   0.995
 1199    1  1.0     0.043   0.770   0.046   0.995
 1200    1  1.0     0.050   0.902   0.046   0.995
 1201    1  1.0     0.042   0.770   0.046   0.995
 1202    1  1.0     0.046   0.871   0.046   0.995
 1203    1  1.0     0.050   0.887   0.046   0.995
 1204    1  1.0     0.046   0.790   0.046   0.995
 1205    1  1.0     0.050   0.933   0.046   0.995
 1206    1  1.0     0.051   0.921   0.046   0.995
 1207    1  1.0     0.053   1.036   0.046   1.005
 1208    1  1.0     0.048   0.828   0.046   0.995
 1209    1  1.0     0.047   0.849   0.046   0.995
 1210    1  1.0     0.042   0.770   0.046   0.995
 1211    1  1.0     0.049   0.831   0.046   0.995
 1212    1  1.0     0.050   0.879   0.046   0.995
 1213    1  1.0     0.045   0.776   0.046   0.995
 1214    1  1.0     0.049   0.871   0.046   0.995
 1215    1  1.0     0.051   0.939   0.046   0.995
 1216    1  1.0     0.046   0.794   0.046   0.995
 1217    1  1.0     0.050   0.865   0.046   0.995
 1218    1  1.0     0.047   0.779   0.046   0.995
 1219    1  1.0     0.046   0.772   0.046   0.995
 1220    1  1.0     0.049   0.786   0.046   0.995
 1221    1  1.0     0.048   0.816   0.046   0.995
 1222    1  1.0     0.045   0.772   0.046   0.995
 1223    1  1.0     0.041   0.771   0.046   0.995
 1224    1  1.0     0.048   0.850   0.046   0.995
 1225    1  1.0     0.046   0.907   0.046   0.995
 1226    1  1.0     0.051   0.921   0.046   0.995
 1227    1  1.0     0.050   0.947   0.046   0.995
 1228    1  1.0     0.048   0.854   0.046   0.995
 1229    1  1.0     0.049   0.841   0.046   0.995
 1230    1  1.0     0.049   0.790   0.046   0.995
 1231    1  1.0     0.048   0.860   0.046   0.995
 1232    1  1.0     0.050   0.879   0.046   0.995
 1233    1  1.0     0.041   0.770   0.046   0.995
 1234    1  1.0     0.050   0.983   0.046   0.997
 1235    1  1.0     0.048   0.785   0.046   0.995
 1236    1  1.0     0.045   0.775   0.046   0.995
 1237    1  1.0     0.047   0.828   0.046   0.995
 1238    1  1.0     0.042   0.770   0.046   0.995
 1239    1  1.0     0.048   0.811   0.046   0.995
 1240    1  1.0     0.047   0.819   0.046   0.995
 1241    1  1.0     0.050   0.835   0.046   0.995
 1242    1  1.0     0.048   0.857   0.046   0.995
 1243    1  1.0     0.050   0.897   0.046   0.995
 1244    1  1.0     0.043   0.770   0.046   0.995
 1245    1  1.0     0.043   0.770   0.046   0.995
 1246    1  1.0     0.048   0.826   0.046   0.995
 1247    1  1.0     0.044   0.770   0.046   0.995
 1248    1  1.0     0.042   0.770   0.046   0.995
 1249    1  1.0     0.048   0.824   0.046   0.995
 1250    1  1.0     0.045   0.793   0.046   0.995
 1251    1  1.0     0.044   0.771   0.046   0.995
 1252    1  1.0     0.050   0.904   0.046   0.995
 1253    1  1.0     0.047   0.780   0.046   0.995
 1254    1  1.0     0.050   0.879   0.046   0.995
 1255    1  1.0     0.050   0.882   0.046   0.995
 1256    1  1.0     0.046   0.776   0.046   0.995
 1257    1  1.0     0.050   0.809   0.046   0.995
 1258    1  1.0     0.054   1.003   0.046   0.998
 1259    1  1.0     0.053   0.972   0.046   0.996
 1260    1  1.0     0.049   0.792   0.046   0.995
 1261    1  1.0     0.048   0.812   0.046   0.995
 1262    1  1.0     0.044   0.770   0.046   0.995
 1263    1  1.0     0.045   0.777   0.046   0.995
 1264    1  1.0     0.050   0.892   0.046   0.995
 1265    1  1.0     0.048   0.845   0.046   0.995
 1266    1  1.0     0.043   0.773   0.046   0.995
 1267    1  1.0     0.045   0.810   0.046   0.995
 1268    1  1.0     0.041   0.770   0.046   0.995
 1269    1  1.0     0.045   0.771   0.046   0.995
 1270    1  1.0     0.050   0.916   0.046   0.995
 1271    1  1.0     0.049   0.850   0.046   0.995
 1272    1  1.0     0.049   0.871   0.046   0.995
 1273    1  1.0     0.044   0.771   0.046   0.995
 1274    1  1.0     0.049   0.928   0.046   0.995
 1275    1  1.0     0.044   0.770   0.046   0.995
 1276    1  1.0     0.051   0.919   0.046   0.995
 1277    1  1.0     0.045   0.770   0.046   0.995
 1278    1  1.0     0.049   0.792   0.046   0.995
 1279    1  1.0     0.045   0.789   0.046   0.995
 1280    1  1.0     0.043   0.770   0.046   0.995
 1281    1  1.0     0.045   0.784   0.046   0.995
 1282    1  1.0     0.048   0.864   0.046   0.995
 1283    1  1.0     0.048   0.811   0.046   0.995
 1284    1  1.0     0.050   0.911   0.046   0.995
 1285    1  1.0     0.047   0.796   0.046   0.995
 1286    1  1.0     0.049   0.895   0.046   0.995
 1287    1  1.0     0.045   0.770   0.046   0.995
 1288    1  1.0     0.049   0.817   0.046   0.995
 1289    1  1.0     0.050   0.903   0.046   0.995
 1290    1  1.0     0.050   0.805   0.046   0.995
 1291    1  1.0     0.049   0.807   0.046   0.995
 1292    1  1.0     0.046   0.776   0.046   0.995
 1293    1  1.0     0.041   0.770   0.046   0.995
 1294    1  1.0     0.040   0.770   0.046   0.995
 1295    1  1.0     0.048   0.859   0.046   0.995
 1296    1  1.0     0.051   0.933   0.046   0.995
 1297    1  1.0     0.047   0.842   0.046   0.995
 1298    1  1.0     0.048   0.800   0.046   0.995
 1299    1  1.0     0.048   0.887   0.046   0.995
 1300    1  1.0     0.047   0.794   0.046   0.995
 1301    1  1.0     0.044   0.785   0.046   0.995
 1302    1  1.0     0.040   0.770   0.046   0.995
 1303    1  1.0     0.054   1.058   0.046   1.013
 1304    1  1.0     0.045   0.776   0.046   0.995
 1305    1  1.0     0.051   0.852   0.046   0.995
 1306    1  1.0     0.052   0.988   0.046   0.997
 1307    1  1.0     0.051   0.949   0.046   0.996
 1308    1  1.0     0.051   0.942   0.046   0.995
 1309    1  1.0     0.051   0.910   0.046   0.995
 1310    1  1.0     0.051   0.914   0.046   0.995
 1311    1  1.0     0.048   0.863   0.046   0.995
 1312    1  1.0     0.048   0.841   0.046   0.995
 1313    1  1.0     0.045   0.772   0.046   0.995
 1314    1  1.0     0.048   0.815   0.046   0.995
 1315    1  1.0     0.046   0.777   0.046   0.995
 1316    1  1.0     0.048   0.796   0.046   0.995
 1317    1  1.0     0.047   0.818   0.046   0.995
 1318    1  1.0     0.051   0.905   0.046   0.995
 1319    1  1.0     0.043   0.770   0.046   0.995
 1320    1  1.0     0.049   0.864   0.046   0.995
 1321    1  1.0     0.051   0.919   0.046   0.995
 1322    1  1.0     0.048   0.841   0.046   0.995
 1323    1  1.0     0.050   0.911   0.046   0.995
 1324    1  1.0     0.043   0.770   0.046   0.995
 1325    1  1.0     0.046   0.786   0.046   0.995
 1326    1  1.0     0.050   0.901   0.046   0.995
 1327    1  1.0     0.049   0.856   0.046   0.995
 1328    1  1.0     0.050   0.872   0.046   0.995
 1329    1  1.0     0.046   0.777   0.046   0.995
 1330    1  1.0     0.043   0.770   0.046   0.995
 1331    1  1.0     0.052   0.975   0.046   0.996
 1332    1  1.0     0.048   0.853   0.046   0.995
 1333    1  1.0     0.050   0.840   0.046   0.995
 1334    1  1.0     0.046   0.776   0.046   0.995
 1335    1  1.0     0.049   0.876   0.046   0.995
 1336    1  1.0     0.052   0.969   0.046   0.996
 1337    1  1.0     0.042   0.770   0.046   0.995
 1338    1  1.0     0.043   0.770   0.046   0.995
 1339    1  1.0     0.043   0.770   0.046   0.995
 1340    1  1.0     0.050   0.882   0.046   0.995
 1341    1  1.0     0.043   0.770   0.046   0.995
 1342    1  1.0     0.045   0.770   0.046   0.995
 1343    1  1.0     0.046   0.792   0.046   0.995
 1344    1  1.0     0.048   0.779   0.046   0.995
 1345    1  1.0     0.050   0.881   0.046   0.995
 1346    1  1.0     0.047   0.781   0.046   0.995
 1347    1  1.0     0.043   0.770   0.046   0.995
 1348    1  1.0     0.048   0.814   0.046   0.995
 1349    1  1.0     0.045   0.770   0.046   0.995
 1350    1  1.0     0.046   0.772   0.046   0.995
 1351    1  1.0     0.050   0.860   0.046   0.995
 1352    1  1.0     0.047   0.817   0.046   0.995
 1353    1  1.0     0.048   0.827   0.046   0.995
 1354    1  1.0     0.045   0.784   0.046   0.995
 1355    1  1.0     0.050   0.944   0.046   0.995
 1356    1  1.0     0.048   0.831   0.046   0.995
 1357    1  1.0     0.045   0.770   0.046   0.995
 1358    1  1.0     0.043   0.809   0.046   0.995
 1359    1  1.0     0.046   0.771   0.046   0.995
 1360    1  1.0     0.046   0.796   0.046   0.995
 1361    1  1.0     0.046   0.857   0.046   0.995
 1362    1  1.0     0.041   0.770   0.046   0.995
 1363    1  1.0     0.049   0.848   0.046   0.995
 1364    1  1.0     0.049   0.897   0.046   0.995
 1365    1  1.0     0.049   0.796   0.046   0.995
 1366    1  1.0     0.050   0.867   0.046   0.995
 1367    1  1.0     0.051   0.989   0.046   0.997
 1368    1  1.0     0.049   0.874   0.046   0.995
 1369    1  1.0     0.046   0.805   0.046   0.995
 1370    1  1.0     0.040   0.770   0.046   0.995
 1371    1  1.0     0.050   0.870   0.046   0.995
 1372    1  1.0     0.047   0.832   0.046   0.995
 1373    1  1.0     0.048   0.831   0.046   0.995
 1374    1  1.0     0.050   0.897   0.046   0.995
 1375    1  1.0     0.041   0.770   0.046   0.995
 1376    1  1.0     0.047   0.819   0.046   0.995
 1377    1  1.0     0.052   0.933   0.046   0.995
 1378    1  1.0     0.053   0.915   0.046   0.995
 1379    1  1.0     0.049   0.820   0.046   0.995
 1380    1  1.0     0.049   0.845   0.046   0.995
 1381    1  1.0     0.046   0.808   0.046   0.995
 1382    1  1.0     0.045   0.782   0.046   0.995
 1383    1  1.0     0.049   0.820   0.046   0.995
 1384    1  1.0     0.049   0.888   0.046   0.995
 1385    1  1.0     0.050   0.961   0.046   0.996
 1386    1  1.0     0.049   0.859   0.046   0.995
 1387    1  1.0     0.043   0.770   0.046   0.995
 1388    1  1.0     0.042   0.770   0.046   0.995
 1389    1  1.0     0.041   0.770   0.046   0.995
 1390    1  1.0     0.040   0.770   0.046   0.995
 1391    1  1.0     0.041   0.770   0.046   0.995
 1392    1  1.0     0.040   0.770   0.046   0.995
 1393    1  1.0     0.048   0.866   0.046   0.995
 1394    1  1.0     0.051   0.874   0.046   0.995
 1395    1  1.0     0.042   0.770   0.046   0.995
 1396    1  1.0     0.041   0.770   0.046   0.995
 1397    1  1.0     0.048   0.850   0.046   0.995
 1398    1  1.0     0.049   0.836   0.046   0.995
 1399    1  1.0     0.044   0.773   0.046   0.995
 1400    1  1.0     0.047   0.793   0.046   0.995
 1401    1  1.0     0.047   0.786   0.046   0.995
 1402    1  1.0     0.048   0.856   0.046   0.995
 1403    1  1.0     0.050   0.926   0.046   0.995
 1404    1  1.0     0.043   0.772   0.046   0.995
 1405    1  1.0     0.045   0.784   0.046   0.995
 1406    1  1.0     0.042   0.775   0.046   0.995
 1407    1  1.0     0.039   0.770   0.046   0.995
 1408    1  1.0     0.041   0.770   0.046   0.995
 1409    1  1.0     0.047   0.796   0.046   0.995
 1410    1  1.0     0.048   0.918   0.046   0.995
 1411    1  1.0     0.052   0.926   0.046   0.995
 1412    1  1.0     0.048   0.842   0.046   0.995
 1413    1  1.0     0.048   0.882   0.046   0.995
 1414    1  1.0     0.047   0.809   0.046   0.995
 1415    1  1.0     0.047   0.799   0.046   0.995
 1416    1  1.0     0.046   0.775   0.046   0.995
 1417    1  1.0     0.048   0.903   0.046   0.995
 1418    1  1.0     0.050   0.860   0.046   0.995
 1419    1  1.0     0.050   0.881   0.046   0.995
 1420    1  1.0     0.049   0.889   0.046   0.995
 1421    1  1.0     0.043   0.830   0.046   0.995
 1422    1  1.0     0.048   0.786   0.046   0.995
 1423    1  1.0     0.039   0.770   0.046   0.995
 1424    1  1.0     0.041   0.770   0.046   0.995
 1425    1  1.0     0.051   0.927   0.046   0.995
 1426    1  1.0     0.047   0.830   0.046   0.995
 1427    1  1.0     0.050   0.875   0.046   0.995
 1428    1  1.0     0.047   0.786   0.046   0.995
 1429    1  1.0     0.050   0.886   0.046   0.995
 1430    1  1.0     0.047   0.789   0.046   0.995
 1431    1  1.0     0.049   0.851   0.046   0.995
 1432    1  1.0     0.043   0.770   0.046   0.995
 1433    1  1.0     0.040   0.770   0.046   0.995
 1434    1  1.0     0.047   0.829   0.046   0.995
 1435    1  1.0     0.045   0.794   0.046   0.995
 1436    1  1.0     0.047   0.798   0.046   0.995
 1437    1  1.0     0.042   0.770   0.046   0.995
 1438    1  1.0     0.041   0.770   0.046   0.995
 1439    1  1.0     0.047   0.824   0.046   0.995
 1440    1  1.0     0.047   0.859   0.046   0.995
 1441    1  1.0     0.046   0.794   0.046   0.995
 1442    1  1.0     0.048   0.787   0.046   0.995
 1443    1  1.0     0.043   0.770   0.046   0.995
 1444    1  1.0     0.045   0.772   0.046   0.995
 1445    1  1.0     0.048   0.825   0.046   0.995
 1446    1  1.0     0.049   0.859   0.046   0.995
 1447    1  1.0     0.050   0.900   0.046   0.995
 1448    1  1.0     0.046   0.803   0.046   0.995
 1449    1  1.0     0.047   0.828   0.046   0.995
 1450    1  1.0     0.051   0.958   0.046   0.996
 1451    1  1.0     0.048   0.862   0.046   0.995
 1452    1  1.0     0.050   0.906   0.046   0.995
 1453    1  1.0     0.049   0.849   0.046   0.995
 1454    1  1.0     0.047   0.811   0.046   0.995
 1455    1  1.0     0.047   0.827   0.046   0.995
 1456    1  1.0     0.047   0.803   0.046   0.995
 1457    1  1.0     0.043   0.772   0.046   0.995
 1458    1  1.0     0.048   0.860   0.046   0.995
 1459    1  1.0     0.043   0.770   0.046   0.995
 1460    1  1.0     0.048   0.842   0.046   0.995
 1461    1  1.0     0.042   0.770   0.046   0.995
 1462    1  1.0     0.046   0.774   0.046   0.995
 1463    1  1.0     0.051   0.949   0.046   0.996
 1464    1  1.0     0.048   0.859   0.046   0.995
 1465    1  1.0     0.046   0.791   0.046   0.995
 1466    1  1.0     0.052   0.951   0.046   0.996
 1467    1  1.0     0.051   0.835   0.046   0.995
 1468    1  1.0     0.052   0.918   0.046   0.995
 1469    1  1.0     0.045   0.770   0.046   0.995
 1470    1  1.0     0.046   0.807   0.046   0.995
 1471    1  1.0     0.042   0.770   0.046   0.995
 1472    1  1.0     0.050   0.881   0.046   0.995
 1473    1  1.0     0.049   0.826   0.046   0.995
 1474    1  1.0     0.048   0.800   0.046   0.995
 1475    1  1.0     0.048   0.825   0.046   0.995
 1476    1  1.0     0.046   0.774   0.046   0.995
 1477    1  1.0     0.051   0.970   0.046   0.996
 1478    1  1.0     0.047   0.864   0.046   0.995
 1479    1  1.0     0.043   0.770   0.046   0.995
 1480    1  1.0     0.043   0.770   0.046   0.995
 1481    1  1.0     0.046   0.813   0.046   0.995
 1482    1  1.0     0.042   0.770   0.046   0.995
 1483    1  1.0     0.052   0.986   0.046   0.997
 1484    1  1.0     0.046   0.796   0.046   0.995
 1485    1  1.0     0.045   0.787   0.046   0.995
 1486    1  1.0     0.049   0.880   0.046   0.995
 1487    1  1.0     0.043   0.770   0.046   0.995
 1488    1  1.0     0.043   0.770   0.046   0.995
 1489    1  1.0     0.047   0.776   0.046   0.995
 1490    1  1.0     0.045   0.776   0.046   0.995
 1491    1  1.0     0.045   0.777   0.046   0.995
 1492    1  1.0     0.045   0.783   0.046   0.995
 1493    1  1.0     0.050   0.930   0.046   0.995
 1494    1  1.0     0.045   0.790   0.046   0.995
 1495    1  1.0     0.050   0.872   0.046   0.995
 1496    1  1.0     0.046   0.788   0.046   0.995
 1497    1  1.0     0.046   0.844   0.046   0.995
 1498    1  1.0     0.051   0.977   0.046   0.996
 1499    1  1.0     0.049   0.770   0.046   0.995
 1500    1  1.0     0.051   0.903   0.046   0.995
 1501    1  1.0     0.048   0.792   0.046   0.995
 1502    1  1.0     0.048   0.802   0.046   0.995
 1503    1  1.0     0.047   0.785   0.046   0.995
 1504    1  1.0     0.050   0.824   0.046   0.995
 1505    1  1.0     0.049   0.787   0.046   0.995
 1506    1  1.0     0.050   0.926   0.046   0.995
 1507    1  1.0     0.047   0.795   0.046   0.995
 1508    1  1.0     0.049   0.894   0.046   0.995
 1509    1  1.0     0.045   0.770   0.046   0.995
 1510    1  1.0     0.051   0.835   0.046   0.995
 1511    1  1.0     0.049   0.880   0.046   0.995
 1512    1  1.0     0.049   0.814   0.046   0.995
 1513    1  1.0     0.048   0.783   0.046   0.995
 1514    1  1.0     0.050   0.815   0.046   0.995
 1515    1  1.0     0.043   0.770   0.046   0.995
 1516    1  1.0     0.049   0.856   0.046   0.995
 1517    1  1.0     0.046   0.817   0.046   0.995
 1518    1  1.0     0.047   0.794   0.046   0.995
 1519    1  1.0     0.045   0.770   0.046   0.995
 1520    1  1.0     0.047   0.835   0.046   0.995
 1521    1  1.0     0.048   0.847   0.046   0.995
 1522    1  1.0     0.041   0.770   0.046   0.995
 1523    1  1.0     0.048   0.833   0.046   0.995
 1524    1  1.0     0.048   0.828   0.046   0.995
 1525    1  1.0     0.039   0.770   0.046   0.995
 1526    1  1.0     0.045   0.780   0.046   0.995
 1527    1  1.0     0.051   0.973   0.046   0.996
 1528    1  1.0     0.049   0.834   0.046   0.995
 1529    1  1.0     0.045   0.770   0.046   0.995
 1530    1  1.0     0.051   0.964   0.046   0.996
 1531    1  1.0     0.042   0.770   0.046   0.995
 1532    1  1.0     0.042   0.770   0.046   0.995
 1533    1  1.0     0.050   0.920   0.046   0.995
 1534    1  1.0     0.047   0.776   0.046   0.995
 1535    1  1.0     0.050   0.885   0.046   0.995
 1536    1  1.0     0.050   0.870   0.046   0.995
 computing Vecp ...
 PTB H matrix iteration                      1  done. Now solving ...
 S before filtering:
   dimension                                   11776
   nonzero elements                         16089280
   sparsity                     0.116022178491257     
   average elements per column                  1366
 S after filtering:
   dimension                                   11776
   nonzero elements                          6791392
   sparsity                     4.897373249940926E-002
   average elements per column                   576
 H before filtering:
   dimension                                   11776
   nonzero elements                        108783232
   sparsity                     0.784451980446597     
   average elements per column                  9237
 H after filtering:
   dimension                                   11776
   nonzero elements                         11012736
   sparsity                     7.941446863185256E-002
   average elements per column                   935

Total solve2                                 112.315053940 sec
* sygvd solver                               105.833967924 sec

nel: 4096, nel_calc:      4096.00000000
 nel in P=   4096.00000000001      required nel=                  4096
 idempotency deviation  1.358644002424220E-011  9.999999747378752E-005
 Stupid simple implementation of the submatrix method:                     1                     2
 number of submatrices=                 11776
 average sm dim=                   746
 effort for full matrix ops=   1633027096576.00     
 sums of efforts for submatrices=   9284153592020.00     
 ratio   5.68524160529012     
 muiter                     1 mu  0.000000000000000E+000   10368.7497870347      of                  4096
 muiter                     2 mu  -5.00000000000000       0.000000000000000E+000 of                  4096
 muiter                     3 mu  -2.50000000000000        1132.66823578088      of                  4096
 muiter                     4 mu  -1.25000000000000        4404.79123469224      of                  4096
 muiter                     5 mu  -1.87500000000000        3948.03789184050      of                  4096
 muiter                     6 mu  -1.56250000000000        4094.81489987103      of                  4096
 muiter                     7 mu  -1.40625000000000        4197.15881058829      of                  4096
 muiter                     8 mu  -1.48437500000000        4127.45705059128      of                  4096
 muiter                     9 mu  -1.52343750000000        4109.89819799586      of                  4096
 muiter                    10 mu  -1.54296875000000        4101.96701906217      of                  4096
 muiter                    11 mu  -1.55273437500000        4097.97646862240      of                  4096
 muiter                    12 mu  -1.55761718750000        4096.12558616811      of                  4096
 muiter                    13 mu  -1.56005859375000        4095.25301756298      of                  4096
