 
       ==============================================
       |                 P T B                      |
       |                S.Grimme                    |
       |          Universitaet Bonn, MCTC           |
       ==============================================
       Version 3.7, Do 28. Apr 14:28:45 CEST 2022
 
       Cite work conducted with this code as
       S. Grimme, M. Mueller, A. Hansen, unpublished.
 
 filter  1.000000000000000E-005
 ../../../../.atompara                                                                                                                                                                                                                                           
          =========================
          reading ... ../../../../systems/s30l_24.xyz
          =========================
 basis read done.
 ncao                   1874
 nsao                   1768
 npr                    4908
 basis setup done. Ndim                  1768
 coreat                    106
 cncao                     106
 cnsao                     106
 cnpr                      636
 
 nalpha                    280
 nbeta                     280
 ntotal                    560
 nopen                       0
cpu  time for startup and initial S    0.56 s
wall time for startup and initial S    0.00 s
               -----------------------
               |      PTB  model      |
               | SG, MM, AH 2020-2022 |
               -----------------------
 prop :                     1
 PA setup with Mull-Loew partitioning   0.333333 ...
 done.
EEQ done. sum q :   -0.000
    atom   Zeff  qEEQ  mod   srCN   noHCN   CN(EEQ)
    1    8  6.0    -0.115   1.389   0.300   1.001
    2    8  6.0    -0.115   1.373   0.300   1.001
    3    8  6.0    -0.115   1.387   0.300   1.001
    4    8  6.0    -0.114   1.373   0.301   1.001
    5    8  6.0    -0.116   1.390   0.300   1.001
    6    8  6.0    -0.115   1.380   0.301   1.001
    7    8  6.0    -0.116   1.385   0.299   1.001
    8    8  6.0    -0.115   1.389   0.300   1.001
    9    8  6.0    -0.116   1.385   0.299   1.001
   10    8  6.0    -0.115   1.379   0.301   1.001
   11    8  6.0    -0.116   1.390   0.300   1.001
   12    8  6.0    -0.114   1.373   0.301   1.001
   13    8  6.0    -0.115   1.387   0.300   1.001
   14    8  6.0    -0.114   1.373   0.300   1.001
   15    7  5.0     0.036   3.836   0.456   3.033
   16    7  5.0     0.035   3.832   0.454   3.032
   17    7  5.0     0.036   3.832   0.454   3.033
   18    7  5.0     0.036   3.836   0.457   3.034
   19    7  5.0     0.035   3.837   0.454   3.032
   20    7  5.0     0.035   3.835   0.453   3.031
   21    7  5.0     0.036   3.834   0.457   3.034
   22    7  5.0     0.036   3.834   0.457   3.034
   23    7  5.0     0.035   3.835   0.454   3.031
   24    7  5.0     0.035   3.835   0.453   3.031
   25    7  5.0     0.036   3.833   0.457   3.034
   26    7  5.0     0.036   3.833   0.456   3.034
   27    7  5.0     0.035   3.834   0.453   3.032
   28    7  5.0     0.035   3.836   0.455   3.033
   29    7  5.0     0.035   3.832   0.454   3.032
   30    7  5.0     0.036   3.836   0.456   3.033
   31    7  5.0     0.035   3.836   0.455   3.033
   32    7  5.0     0.035   3.834   0.453   3.032
   33    7  5.0     0.036   3.834   0.456   3.034
   34    7  5.0     0.036   3.833   0.457   3.034
   35    7  5.0     0.035   3.835   0.453   3.031
   36    7  5.0     0.035   3.835   0.453   3.031
   37    7  5.0     0.036   3.834   0.456   3.034
   38    7  5.0     0.036   3.834   0.457   3.034
   39    7  5.0     0.035   3.835   0.453   3.031
   40    7  5.0     0.035   3.837   0.454   3.032
   41    7  5.0     0.036   3.836   0.457   3.034
   42    7  5.0     0.036   3.832   0.455   3.033
   43    6  4.0    -0.041   4.716   0.321   4.054
   44    6  4.0    -0.041   4.716   0.321   4.054
   45    6  4.0    -0.051   3.641   0.653   3.063
   46    6  4.0    -0.064   4.150   0.279   3.994
   47    6  4.0    -0.041   4.716   0.321   4.053
   48    6  4.0    -0.041   4.719   0.321   4.054
   49    6  4.0    -0.051   3.653   0.653   3.062
   50    6  4.0    -0.064   4.153   0.279   3.994
   51    6  4.0    -0.041   4.715   0.321   4.053
   52    6  4.0    -0.041   4.719   0.321   4.054
   53    6  4.0    -0.051   3.639   0.654   3.065
   54    6  4.0    -0.064   4.153   0.279   3.994
   55    6  4.0    -0.041   4.716   0.321   4.053
   56    6  4.0    -0.041   4.718   0.321   4.054
   57    6  4.0    -0.051   3.652   0.653   3.061
   58    6  4.0    -0.041   4.718   0.321   4.054
   59    6  4.0    -0.041   4.716   0.321   4.053
   60    6  4.0    -0.064   4.156   0.280   3.995
   61    6  4.0    -0.051   3.647   0.653   3.063
   62    6  4.0    -0.041   4.719   0.321   4.054
   63    6  4.0    -0.041   4.715   0.321   4.053
   64    6  4.0    -0.064   4.148   0.279   3.994
   65    6  4.0    -0.051   3.647   0.652   3.062
   66    6  4.0    -0.041   4.719   0.321   4.054
   67    6  4.0    -0.041   4.716   0.321   4.053
   68    6  4.0    -0.064   4.156   0.280   3.994
   69    6  4.0    -0.051   3.640   0.653   3.064
   70    6  4.0    -0.064   4.148   0.279   3.994
   71    6  4.0    -0.051   3.647   0.653   3.063
   72    6  4.0    -0.064   4.153   0.279   3.994
   73    6  4.0    -0.051   3.647   0.652   3.062
   74    6  4.0    -0.064   4.156   0.280   3.994
   75    6  4.0    -0.064   4.156   0.280   3.995
   76    6  4.0    -0.051   3.641   0.653   3.064
   77    6  4.0    -0.051   3.640   0.653   3.064
   78    6  4.0    -0.064   4.152   0.279   3.994
   79    6  4.0    -0.064   4.150   0.279   3.994
   80    6  4.0    -0.051   3.653   0.653   3.062
   81    6  4.0    -0.051   3.652   0.652   3.061
   82    6  4.0    -0.064   4.152   0.279   3.994
   83    6  4.0    -0.064   4.153   0.279   3.994
   84    6  4.0    -0.051   3.639   0.654   3.065
   85    1  1.0     0.037   0.937   0.002   0.993
   86    1  1.0     0.063   0.952   0.003   0.993
   87    1  1.0     0.063   0.952   0.003   0.993
   88    1  1.0     0.039   0.897   0.002   0.993
   89    1  1.0     0.039   0.897   0.002   0.993
   90    1  1.0     0.039   0.897   0.002   0.993
   91    1  1.0     0.039   0.897   0.002   0.993
   92    1  1.0     0.063   0.952   0.003   0.993
   93    1  1.0     0.063   0.952   0.003   0.993
   94    1  1.0     0.039   0.897   0.002   0.993
   95    1  1.0     0.039   0.897   0.002   0.993
   96    1  1.0     0.063   0.953   0.003   0.993
   97    1  1.0     0.063   0.953   0.003   0.993
   98    1  1.0     0.063   0.952   0.003   0.993
   99    1  1.0     0.063   0.952   0.003   0.993
  100    1  1.0     0.039   0.897   0.002   0.993
  101    1  1.0     0.039   0.897   0.002   0.993
  102    1  1.0     0.037   0.937   0.002   0.993
  103    1  1.0     0.039   0.897   0.002   0.993
  104    1  1.0     0.037   0.937   0.002   0.993
  105    1  1.0     0.063   0.953   0.003   0.993
  106    1  1.0     0.037   0.937   0.002   0.993
  107    1  1.0     0.039   0.897   0.002   0.993
  108    1  1.0     0.037   0.937   0.002   0.993
  109    1  1.0     0.063   0.952   0.003   0.993
  110    1  1.0     0.037   0.937   0.002   0.993
  111    1  1.0     0.039   0.897   0.002   0.993
  112    1  1.0     0.037   0.937   0.002   0.993
  113    1  1.0     0.063   0.953   0.003   0.993
  114    1  1.0     0.037   0.937   0.002   0.993
  115    1  1.0     0.063   0.952   0.003   0.993
  116    1  1.0     0.037   0.937   0.002   0.993
  117    1  1.0     0.039   0.897   0.002   0.993
  118    1  1.0     0.037   0.937   0.002   0.993
  119    1  1.0     0.039   0.897   0.002   0.993
  120    1  1.0     0.037   0.937   0.002   0.993
  121    1  1.0     0.063   0.952   0.003   0.993
  122    1  1.0     0.037   0.937   0.002   0.993
  123    1  1.0     0.063   0.952   0.003   0.993
  124    1  1.0     0.037   0.937   0.002   0.993
  125    1  1.0     0.039   0.897   0.002   0.993
  126    1  1.0     0.037   0.937   0.002   0.993
  127    6  4.0    -0.026   4.849   0.159   3.989
  128    6  4.0    -0.026   4.848   0.160   3.989
  129    6  4.0    -0.026   4.849   0.159   3.989
  130    6  4.0    -0.027   4.854   0.159   3.990
  131    6  4.0    -0.027   4.854   0.159   3.990
  132    6  4.0    -0.026   4.848   0.160   3.990
  133    6  4.0    -0.035   5.015   0.236   3.973
  134    6  4.0    -0.035   5.015   0.236   3.973
  135    6  4.0    -0.056   4.644   0.111   3.987
  136    6  4.0    -0.056   4.654   0.113   3.987
  137    6  4.0    -0.056   4.651   0.112   3.987
  138    6  4.0    -0.056   4.650   0.112   3.987
  139    6  4.0    -0.056   4.654   0.113   3.987
  140    6  4.0    -0.056   4.644   0.111   3.987
  141    6  4.0    -0.107   3.982   0.112   3.995
  142    6  4.0    -0.107   3.979   0.113   3.995
  143    6  4.0    -0.107   3.979   0.113   3.995
  144    6  4.0    -0.107   3.981   0.112   3.995
  145    6  4.0    -0.106   3.980   0.113   3.995
  146    6  4.0    -0.106   3.980   0.113   3.995
  147    7  5.0     0.142   4.056   0.386   3.952
  148    7  5.0     0.142   4.056   0.386   3.952
  149    1  1.0     0.049   0.972   0.002   0.993
  150    1  1.0     0.049   0.972   0.002   0.993
  151    1  1.0     0.049   0.974   0.002   0.993
  152    1  1.0     0.049   0.970   0.002   0.993
  153    1  1.0     0.049   0.970   0.002   0.993
  154    1  1.0     0.049   0.974   0.002   0.993
  155    1  1.0     0.053   0.908   0.003   0.993
  156    1  1.0     0.053   0.931   0.003   0.994
  157    1  1.0     0.053   0.917   0.003   0.993
  158    1  1.0     0.054   0.924   0.003   0.994
  159    1  1.0     0.053   0.905   0.003   0.993
  160    1  1.0     0.054   0.937   0.003   0.994
  161    1  1.0     0.053   0.917   0.003   0.993
  162    1  1.0     0.054   0.924   0.003   0.994
  163    1  1.0     0.053   0.908   0.003   0.993
  164    1  1.0     0.053   0.931   0.003   0.994
  165    1  1.0     0.053   0.905   0.003   0.993
  166    1  1.0     0.054   0.937   0.003   0.994
  167    1  1.0     0.053   0.831   0.003   0.994
  168    1  1.0     0.050   0.835   0.003   0.994
  169    1  1.0     0.051   0.826   0.003   0.994
  170    1  1.0     0.049   0.832   0.003   0.994
  171    1  1.0     0.052   0.835   0.003   0.994
  172    1  1.0     0.050   0.835   0.003   0.994
  173    1  1.0     0.052   0.836   0.003   0.994
  174    1  1.0     0.050   0.835   0.003   0.994
  175    1  1.0     0.053   0.831   0.003   0.994
  176    1  1.0     0.050   0.835   0.003   0.994
  177    1  1.0     0.051   0.826   0.003   0.994
  178    1  1.0     0.049   0.832   0.003   0.994
  179    1  1.0     0.039   0.836   0.003   0.994
  180    1  1.0     0.039   0.835   0.003   0.994
  181    1  1.0     0.039   0.835   0.003   0.994
  182    1  1.0     0.039   0.836   0.003   0.994
  183    1  1.0     0.039   0.835   0.003   0.994
  184    1  1.0     0.039   0.835   0.003   0.994
 computing Vecp ...
 PTB H matrix iteration                      1  done. Now solving ...
 S before filtering:
   dimension                                    1768
   nonzero elements                          1979164
   sparsity                     0.633165526913863     
   average elements per column                  1119
 S after filtering:
   dimension                                    1768
   nonzero elements                          1245264
   sparsity                     0.398379435310497     
   average elements per column                   704
 H before filtering:
   dimension                                    1768
   nonzero elements                          3144944
   sparsity                      1.00611678712557     
   average elements per column                  1778
 H after filtering:
   dimension                                    1768
   nonzero elements                          2364180
   sparsity                     0.756338168751664     
   average elements per column                  1337

Total solve2                                   0.851858854 sec
* sygvd solver                                 0.792607069 sec

nel: 560, nel_calc:       560.00000000
 nel in P=   560.000000000001      required nel=                   560
 idempotency deviation  5.058158758108482E-003  9.999999974752427E-007
