 
       ==============================================
       |                 P T B                      |
       |                S.Grimme                    |
       |          Universitaet Bonn, MCTC           |
       ==============================================
       Version 3.7, Do 28. Apr 14:28:45 CEST 2022
 
       Cite work conducted with this code as
       S. Grimme, M. Mueller, A. Hansen, unpublished.
 
 filter  1.000000000000000E-005
 ../../../../.atompara                                                                                                                                                                                                                                           
          =========================
          reading ... ../../../../systems/s30l_24.xyz
          =========================
 basis read done.
 ncao                   1874
 nsao                   1768
 npr                    4908
 basis setup done. Ndim                  1768
 coreat                    106
 cncao                     106
 cnsao                     106
 cnpr                      636
 
 nalpha                    280
 nbeta                     280
 ntotal                    560
 nopen                       0
cpu  time for startup and initial S    0.42 s
wall time for startup and initial S    1.00 s
               -----------------------
               |      PTB  model      |
               | SG, MM, AH 2020-2022 |
               -----------------------
 prop :                     1
 PA setup with Mull-Loew partitioning   0.333333 ...
 done.
EEQ done. sum q :    0.000
    atom   Zeff  qEEQ  mod   srCN   noHCN   CN(EEQ)
    1    8  6.0    -0.115   1.389   0.300   1.001
    2    8  6.0    -0.115   1.373   0.300   1.001
    3    8  6.0    -0.115   1.387   0.300   1.001
    4    8  6.0    -0.114   1.373   0.301   1.001
    5    8  6.0    -0.116   1.390   0.300   1.001
    6    8  6.0    -0.115   1.380   0.301   1.001
    7    8  6.0    -0.116   1.385   0.299   1.001
    8    8  6.0    -0.115   1.389   0.300   1.001
    9    8  6.0    -0.116   1.385   0.299   1.001
   10    8  6.0    -0.115   1.379   0.301   1.001
   11    8  6.0    -0.116   1.390   0.300   1.001
   12    8  6.0    -0.114   1.373   0.301   1.001
   13    8  6.0    -0.115   1.387   0.300   1.001
   14    8  6.0    -0.114   1.373   0.300   1.001
   15    7  5.0     0.036   3.836   0.456   3.033
   16    7  5.0     0.035   3.832   0.454   3.032
   17    7  5.0     0.036   3.832   0.454   3.033
   18    7  5.0     0.036   3.836   0.457   3.034
   19    7  5.0     0.035   3.837   0.454   3.032
   20    7  5.0     0.035   3.835   0.453   3.031
   21    7  5.0     0.036   3.834   0.457   3.034
   22    7  5.0     0.036   3.834   0.457   3.034
   23    7  5.0     0.035   3.835   0.454   3.031
   24    7  5.0     0.035   3.835   0.453   3.031
   25    7  5.0     0.036   3.833   0.457   3.034
   26    7  5.0     0.036   3.833   0.456   3.034
   27    7  5.0     0.035   3.834   0.453   3.032
   28    7  5.0     0.035   3.836   0.455   3.033
   29    7  5.0     0.035   3.832   0.454   3.032
   30    7  5.0     0.036   3.836   0.456   3.033
   31    7  5.0     0.035   3.836   0.455   3.033
   32    7  5.0     0.035   3.834   0.453   3.032
   33    7  5.0     0.036   3.834   0.456   3.034
   34    7  5.0     0.036   3.833   0.457   3.034
   35    7  5.0     0.035   3.835   0.453   3.031
   36    7  5.0     0.035   3.835   0.453   3.031
   37    7  5.0     0.036   3.834   0.456   3.034
   38    7  5.0     0.036   3.834   0.457   3.034
   39    7  5.0     0.035   3.835   0.453   3.031
   40    7  5.0     0.035   3.837   0.454   3.032
   41    7  5.0     0.036   3.836   0.457   3.034
   42    7  5.0     0.036   3.832   0.455   3.033
   43    6  4.0    -0.041   4.716   0.321   4.054
   44    6  4.0    -0.041   4.716   0.321   4.054
   45    6  4.0    -0.051   3.641   0.653   3.063
   46    6  4.0    -0.064   4.150   0.279   3.994
   47    6  4.0    -0.041   4.716   0.321   4.053
   48    6  4.0    -0.041   4.719   0.321   4.054
   49    6  4.0    -0.051   3.653   0.653   3.062
   50    6  4.0    -0.064   4.153   0.279   3.994
   51    6  4.0    -0.041   4.715   0.321   4.053
   52    6  4.0    -0.041   4.719   0.321   4.054
   53    6  4.0    -0.051   3.639   0.654   3.065
   54    6  4.0    -0.064   4.153   0.279   3.994
   55    6  4.0    -0.041   4.716   0.321   4.053
   56    6  4.0    -0.041   4.718   0.321   4.054
   57    6  4.0    -0.051   3.652   0.653   3.061
   58    6  4.0    -0.041   4.718   0.321   4.054
   59    6  4.0    -0.041   4.716   0.321   4.053
   60    6  4.0    -0.064   4.156   0.280   3.995
   61    6  4.0    -0.051   3.647   0.653   3.063
   62    6  4.0    -0.041   4.719   0.321   4.054
   63    6  4.0    -0.041   4.715   0.321   4.053
   64    6  4.0    -0.064   4.148   0.279   3.994
   65    6  4.0    -0.051   3.647   0.652   3.062
   66    6  4.0    -0.041   4.719   0.321   4.054
   67    6  4.0    -0.041   4.716   0.321   4.053
   68    6  4.0    -0.064   4.156   0.280   3.994
   69    6  4.0    -0.051   3.640   0.653   3.064
   70    6  4.0    -0.064   4.148   0.279   3.994
   71    6  4.0    -0.051   3.647   0.653   3.063
   72    6  4.0    -0.064   4.153   0.279   3.994
   73    6  4.0    -0.051   3.647   0.652   3.062
   74    6  4.0    -0.064   4.156   0.280   3.994
   75    6  4.0    -0.064   4.156   0.280   3.995
   76    6  4.0    -0.051   3.641   0.653   3.064
   77    6  4.0    -0.051   3.640   0.653   3.064
   78    6  4.0    -0.064   4.152   0.279   3.994
   79    6  4.0    -0.064   4.150   0.279   3.994
   80    6  4.0    -0.051   3.653   0.653   3.062
   81    6  4.0    -0.051   3.652   0.652   3.061
   82    6  4.0    -0.064   4.152   0.279   3.994
   83    6  4.0    -0.064   4.153   0.279   3.994
   84    6  4.0    -0.051   3.639   0.654   3.065
   85    1  1.0     0.037   0.937   0.002   0.993
   86    1  1.0     0.063   0.952   0.003   0.993
   87    1  1.0     0.063   0.952   0.003   0.993
   88    1  1.0     0.039   0.897   0.002   0.993
   89    1  1.0     0.039   0.897   0.002   0.993
   90    1  1.0     0.039   0.897   0.002   0.993
   91    1  1.0     0.039   0.897   0.002   0.993
   92    1  1.0     0.063   0.952   0.003   0.993
   93    1  1.0     0.063   0.952   0.003   0.993
   94    1  1.0     0.039   0.897   0.002   0.993
   95    1  1.0     0.039   0.897   0.002   0.993
   96    1  1.0     0.063   0.953   0.003   0.993
   97    1  1.0     0.063   0.953   0.003   0.993
   98    1  1.0     0.063   0.952   0.003   0.993
   99    1  1.0     0.063   0.952   0.003   0.993
  100    1  1.0     0.039   0.897   0.002   0.993
  101    1  1.0     0.039   0.897   0.002   0.993
  102    1  1.0     0.037   0.937   0.002   0.993
  103    1  1.0     0.039   0.897   0.002   0.993
  104    1  1.0     0.037   0.937   0.002   0.993
  105    1  1.0     0.063   0.953   0.003   0.993
  106    1  1.0     0.037   0.937   0.002   0.993
  107    1  1.0     0.039   0.897   0.002   0.993
  108    1  1.0     0.037   0.937   0.002   0.993
  109    1  1.0     0.063   0.952   0.003   0.993
  110    1  1.0     0.037   0.937   0.002   0.993
  111    1  1.0     0.039   0.897   0.002   0.993
  112    1  1.0     0.037   0.937   0.002   0.993
  113    1  1.0     0.063   0.953   0.003   0.993
  114    1  1.0     0.037   0.937   0.002   0.993
  115    1  1.0     0.063   0.952   0.003   0.993
  116    1  1.0     0.037   0.937   0.002   0.993
  117    1  1.0     0.039   0.897   0.002   0.993
  118    1  1.0     0.037   0.937   0.002   0.993
  119    1  1.0     0.039   0.897   0.002   0.993
  120    1  1.0     0.037   0.937   0.002   0.993
  121    1  1.0     0.063   0.952   0.003   0.993
  122    1  1.0     0.037   0.937   0.002   0.993
  123    1  1.0     0.063   0.952   0.003   0.993
  124    1  1.0     0.037   0.937   0.002   0.993
  125    1  1.0     0.039   0.897   0.002   0.993
  126    1  1.0     0.037   0.937   0.002   0.993
  127    6  4.0    -0.026   4.849   0.159   3.989
  128    6  4.0    -0.026   4.848   0.160   3.989
  129    6  4.0    -0.026   4.849   0.159   3.989
  130    6  4.0    -0.027   4.854   0.159   3.990
  131    6  4.0    -0.027   4.854   0.159   3.990
  132    6  4.0    -0.026   4.848   0.160   3.990
  133    6  4.0    -0.035   5.015   0.236   3.973
  134    6  4.0    -0.035   5.015   0.236   3.973
  135    6  4.0    -0.056   4.644   0.111   3.987
  136    6  4.0    -0.056   4.654   0.113   3.987
  137    6  4.0    -0.056   4.651   0.112   3.987
  138    6  4.0    -0.056   4.650   0.112   3.987
  139    6  4.0    -0.056   4.654   0.113   3.987
  140    6  4.0    -0.056   4.644   0.111   3.987
  141    6  4.0    -0.107   3.982   0.112   3.995
  142    6  4.0    -0.107   3.979   0.113   3.995
  143    6  4.0    -0.107   3.979   0.113   3.995
  144    6  4.0    -0.107   3.981   0.112   3.995
  145    6  4.0    -0.106   3.980   0.113   3.995
  146    6  4.0    -0.106   3.980   0.113   3.995
  147    7  5.0     0.142   4.056   0.386   3.952
  148    7  5.0     0.142   4.056   0.386   3.952
  149    1  1.0     0.049   0.972   0.002   0.993
  150    1  1.0     0.049   0.972   0.002   0.993
  151    1  1.0     0.049   0.974   0.002   0.993
  152    1  1.0     0.049   0.970   0.002   0.993
  153    1  1.0     0.049   0.970   0.002   0.993
  154    1  1.0     0.049   0.974   0.002   0.993
  155    1  1.0     0.053   0.908   0.003   0.993
  156    1  1.0     0.053   0.931   0.003   0.994
  157    1  1.0     0.053   0.917   0.003   0.993
  158    1  1.0     0.054   0.924   0.003   0.994
  159    1  1.0     0.053   0.905   0.003   0.993
  160    1  1.0     0.054   0.937   0.003   0.994
  161    1  1.0     0.053   0.917   0.003   0.993
  162    1  1.0     0.054   0.924   0.003   0.994
  163    1  1.0     0.053   0.908   0.003   0.993
  164    1  1.0     0.053   0.931   0.003   0.994
  165    1  1.0     0.053   0.905   0.003   0.993
  166    1  1.0     0.054   0.937   0.003   0.994
  167    1  1.0     0.053   0.831   0.003   0.994
  168    1  1.0     0.050   0.835   0.003   0.994
  169    1  1.0     0.051   0.826   0.003   0.994
  170    1  1.0     0.049   0.832   0.003   0.994
  171    1  1.0     0.052   0.835   0.003   0.994
  172    1  1.0     0.050   0.835   0.003   0.994
  173    1  1.0     0.052   0.836   0.003   0.994
  174    1  1.0     0.050   0.835   0.003   0.994
  175    1  1.0     0.053   0.831   0.003   0.994
  176    1  1.0     0.050   0.835   0.003   0.994
  177    1  1.0     0.051   0.826   0.003   0.994
  178    1  1.0     0.049   0.832   0.003   0.994
  179    1  1.0     0.039   0.836   0.003   0.994
  180    1  1.0     0.039   0.835   0.003   0.994
  181    1  1.0     0.039   0.835   0.003   0.994
  182    1  1.0     0.039   0.836   0.003   0.994
  183    1  1.0     0.039   0.835   0.003   0.994
  184    1  1.0     0.039   0.835   0.003   0.994
 computing Vecp ...
 PTB H matrix iteration                      1  done. Now solving ...
 S before filtering:
   dimension                                    1768
   nonzero elements                           989734
   sparsity                     0.316631390634917     
   average elements per column                   559
 S after filtering:
   dimension                                    1768
   nonzero elements                           622632
   sparsity                     0.199189717655249     
   average elements per column                   352
 H before filtering:
   dimension                                    1768
   nonzero elements                          1572472
   sparsity                     0.503058393562785     
   average elements per column                   889
 H after filtering:
   dimension                                    1768
   nonzero elements                          1182090
   sparsity                     0.378169084375832     
   average elements per column                   668

Total solve2                                   0.369983912 sec
* sygvd solver                                 0.331300020 sec

nel: 560, nel_calc:       560.00000000
 nel in P=   560.000000000001      required nel=                   560
 idempotency deviation  5.058158758270672E-003  9.999999974752427E-007
 Error: density matrix is not idempotent.
 Stupid simple implementation of the submatrix method:                     4                     2
 kmeans                     2   262866744.952111       2.427816390991211E-003
 kmeans                     5   657166862.380278       2.435207366943359E-003
 kmeans                     3   394300117.428167       2.452850341796875E-003
 kmeans                     8   1018771738.98243       2.748966217041016E-003
 kmeans                     6   779430760.426507       2.830982208251953E-003
 kmeans                     4   525733489.904222       2.712011337280273E-003
 kmeans                     1   131433372.476056       2.937078475952148E-003
 kmeans                    18   2123631705.22535       3.151893615722656E-003
 kmeans                     9   1128856202.93763       3.000974655151367E-003
 kmeans                     7   897340659.395325       3.222942352294922E-003
 kmeans                    10   1249868299.48509       3.062963485717773E-003
 kmeans                    13   1599476910.85794       3.106117248535156E-003
 kmeans                    12   1488661833.17318       3.450870513916016E-003
 kmeans                    15   1818168844.18281       3.581047058105469E-003
 kmeans                    17   2043945265.04563       3.431081771850586E-003
 kmeans                    14   1710242423.28538       3.626108169555664E-003
 kmeans                    22   2606251463.70890       3.504991531372070E-003
 kmeans                    24   2799785228.55956       3.704786300659180E-003
 kmeans                    16   1889358666.76528       3.740072250366211E-003
 kmeans                    21   2491380007.89315       3.787994384765625E-003
 kmeans                    11   1379901157.83751       3.688812255859375E-003
 kmeans                    23   2740816921.34037       3.945827484130859E-003
 kmeans                    19   2276456966.41940       3.980875015258789E-003
 kmeans                    25   2908095124.15618       3.819942474365234E-003
 kmeans                    20   2416567174.25135       3.989934921264648E-003
 kmeans                    27   3151070600.64268       4.019975662231445E-003
 kmeans                    26   3011332559.94332       4.068851470947266E-003
 kmeans                    28   3267181352.14090       4.112958908081055E-003
 kmeans                    35   3883744435.78827       4.001140594482422E-003
 kmeans                    30   3409184941.29157       4.374027252197266E-003
 kmeans                    32   3705217501.36249       4.384994506835938E-003
 kmeans                    31   3556229309.88010       4.398107528686523E-003
 kmeans                    34   3932768876.58273       4.257917404174805E-003
 kmeans                    29   3370630947.58173       4.442930221557617E-003
 kmeans                    42   4681803938.50339       4.475831985473633E-003
 kmeans                    37   4183874758.87332       4.414081573486328E-003
 kmeans                    38   4267390601.48593       4.588842391967773E-003
 kmeans                    43   4787674230.54559       4.456996917724609E-003
 kmeans                    36   4074317941.83938       4.621982574462891E-003
 kmeans                    33   3818812498.14223       4.678010940551758E-003
 kmeans                    39   4382255495.51455       4.718065261840820E-003
 kmeans                    49   5385684375.47543       4.586935043334961E-003
 kmeans                    40   4520785773.67296       4.799127578735352E-003
 kmeans                    41   4597506000.15663       4.703998565673828E-003
 kmeans                    44   4781006295.96577       4.925966262817383E-003
 kmeans                    45   5105535761.66317       4.900932312011719E-003
 kmeans                    48   5255080405.33932       4.947900772094727E-003
 kmeans                    47   5159687653.56427       4.900932312011719E-003
 kmeans                    46   5132496255.72314       4.941940307617188E-003
 kmeans                    50   5568643737.50738       4.976987838745117E-003
 kmeans                    54   5895499406.03697       5.127191543579102E-003
 kmeans                    53   5712351334.00152       5.219221115112305E-003
 kmeans                    51   5556840912.63596       5.202054977416992E-003
 kmeans                    52   5491269939.91824       5.256175994873047E-003
 kmeans                    57   6215961269.31811       5.303144454956055E-003
 kmeans                    55   6081397559.97481       5.147933959960938E-003
 kmeans                    64   6839175189.29593       5.355834960937500E-003
 kmeans                    59   6338593150.71113       5.364894866943359E-003
 kmeans                    62   6640226765.59736       5.186080932617188E-003
 kmeans                    56   6138900478.71026       5.275964736938477E-003
 kmeans                    61   6576909204.82124       5.503177642822266E-003
 kmeans                    58   6284969125.94260       5.323886871337891E-003
 kmeans                    60   6515873370.09565       5.578994750976562E-003
 kmeans                    63   6821089265.23062       5.691051483154297E-003
 number of submatrices=                     1
 average sm dim=                  1768
 effort for full matrix ops=   131433372.476056     
 sums of efforts for submatrices=   131433372.476056     
 ratio   1.00000000000000     
 sm                     1                  1768  0.297777891159058     
 muiter                     1 mu  0.000000000000000E+000   1574.00000000000      of                   560
 muiter                     2 mu  -5.00000000000000       0.000000000000000E+000 of                   560
 muiter                     3 mu  -2.50000000000000        274.000000000000      of                   560
 muiter                     4 mu  -1.25000000000000        724.000000000000      of                   560
 muiter                     5 mu  -1.87500000000000        558.000000000000      of                   560
 muiter                     6 mu  -1.56250000000000        558.000000000000      of                   560
 muiter                     7 mu  -1.40625000000000        610.000000000000      of                   560
 muiter                     8 mu  -1.48437500000000        586.000000000000      of                   560
 muiter                     9 mu  -1.52343750000000        560.000000000000      of                   560
 iteration of chemical potential converged
 final iteration to get density matrix

Submatrix                                      0.519237041 sec
* alloc                                        0.010941029 sec
* submatrix combination                        0.006754875 sec
* submatrix stats                              0.000087976 sec
* mu iter                                      0.496619940 sec
* submatrix construction                       0.113210917 sec
* submatrix matrix function                    0.346585989 sec
* submatrix eigendecomp                        0.314596891 sec
* submatrix fe                                 0.031931162 sec
* submatrix occ                                0.000093937 sec
* submatrix Nel                                0.000032425 sec
* submatrix final iter                         0.035118818 sec
* submatrix dealloc                            0.004707098 sec
*                                              0.000000000 sec
*                                              0.000000000 sec
*                                              0.000000000 sec
*                                              0.000000000 sec
*                                              0.000000000 sec
*                                              0.000000000 sec
*                                              0.000000000 sec
*                                              0.000000000 sec

 first elements Pref   1.28588242495771       0.427114832557671       0.204588798036243       0.104975854091704       0.104958115027768       0.975724862835405      -4.816299983465490E-003 -4.759099300114610E-003  1.410157405708310E-003   1.15173114696564     
 first elements P      1.28589351336327       0.427118064398491       0.204589735404097       0.104812434745275       0.104913584677889       0.976027748103432      -4.817138948720959E-003 -4.759309673163160E-003  1.401417533539094E-003   1.15173054517519     
 Sparsity of Pref:
   dimension                                    1768
   nonzero elements                          1558228
   sparsity                     0.498501515120493     
   average elements per column                   881
 Sparsity of P:
   dimension                                    1768
   nonzero elements                          1558100
   sparsity                     0.498460565917979     
   average elements per column                   881
 maximal deviation in density matrix  3.126612325543419E-003                417111  2.235801678838890E-002  1.923140446284548E-002
 MSE of density matrix  3.959882972880543E-007
 Tr(H Pref)=  -1535.60009221331     
 Tr(H P)=  -1535.60076087853     
 energy deviation abs(Tr(H P)-Tr(H Pref))= -6.686652186544961E-004
 energy deviation per atom abs(Tr(H P)-Tr(H Pref))/n= -3.634050101383131E-006
nel: 560, nel_calc:       560.00000000
 nel in P=   560.000000000001      required nel=                   560
 idempotency deviation  7.133031144912483E-014  9.999999974752427E-007
 PTB H matrix iteration                      2  done. Now solving ...
 S before filtering:
   dimension                                    1768
   nonzero elements                           622632
   sparsity                     0.199189717655249     
   average elements per column                   352
 S after filtering:
   dimension                                    1768
   nonzero elements                           622632
   sparsity                     0.199189717655249     
   average elements per column                   352
 H before filtering:
   dimension                                    1768
   nonzero elements                          1540906
   sparsity                     0.492959936323990     
   average elements per column                   871
 H after filtering:
   dimension                                    1768
   nonzero elements                          1072884
   sparsity                     0.343232376486968     
   average elements per column                   606

Total solve2                                   0.320795059 sec
* sygvd solver                                 0.299948931 sec

nel: 560, nel_calc:       560.00000000
 nel in P=   560.000000000020      required nel=                   560
 idempotency deviation  1.527499291236347E-004  9.999999974752427E-007
 Error: density matrix is not idempotent.
 Stupid simple implementation of the submatrix method:                     4                     2
 kmeans                     1   131433372.476056       2.830028533935547E-004
 kmeans                     2   262866744.952111       8.790493011474609E-004
 kmeans                     3   394114345.902961       1.379013061523438E-003
 kmeans                     4   525176332.962477       1.513957977294922E-003
 kmeans                     5   654755614.650019       1.868009567260742E-003
 kmeans                     8   1001718573.47403       2.186059951782227E-003
 kmeans                     6   776124798.322462       2.281904220581055E-003
 kmeans                     7   886263317.026989       2.573966979980469E-003
 kmeans                     9   1116855277.86187       2.753973007202148E-003
 kmeans                    11   1292729776.44833       2.939939498901367E-003
 kmeans                    10   1222041284.63391       2.949953079223633E-003
 kmeans                    18   2052650143.27065       3.043889999389648E-003
 kmeans                    13   1478012191.42750       3.071069717407227E-003
 kmeans                    14   1578225687.55187       3.118991851806641E-003
 kmeans                    17   1916665271.56148       3.222942352294922E-003
 kmeans                    12   1377703984.04412       3.274917602539062E-003
 kmeans                    16   1826809848.35953       3.284931182861328E-003
 kmeans                    15   1692872459.97599       3.359079360961914E-003
 kmeans                    23   2441249859.38706       3.659963607788086E-003
 kmeans                    19   2033383526.81426       3.665924072265625E-003
 kmeans                    21   2311630972.83864       3.827095031738281E-003
 kmeans                    26   2744602001.28012       3.868103027343750E-003
 kmeans                    24   2677551846.45266       3.926038742065430E-003
 kmeans                    22   2391933519.71984       3.987073898315430E-003
 kmeans                    27   2891111188.42190       4.031896591186523E-003
 kmeans                    20   2147974340.40346       4.037857055664062E-003
 kmeans                    25   2787261674.21896       4.195928573608398E-003
 kmeans                    30   3211583398.14618       4.280090332031250E-003
 kmeans                    29   3147018368.52589       4.393100738525391E-003
 kmeans                    28   2924764656.02042       4.552125930786133E-003
 kmeans                    32   3242131625.53177       4.596948623657227E-003
 kmeans                    35   3695881146.70716       4.621982574462891E-003
 kmeans                    31   3199914113.81283       4.637002944946289E-003
 kmeans                    36   3677727204.00093       4.644155502319336E-003
 kmeans                    34   3390826882.58316       4.694938659667969E-003
 kmeans                    37   3745875959.91906       4.807949066162109E-003
 kmeans                    41   4162617472.64313       4.827022552490234E-003
 kmeans                    38   3771786469.97149       4.858016967773438E-003
 kmeans                    33   3511891285.54477       4.867076873779297E-003
 kmeans                    42   4259022375.62817       4.904031753540039E-003
 kmeans                    44   4361281476.02053       4.918098449707031E-003
 kmeans                    40   3994881223.47702       4.996061325073242E-003
 kmeans                    39   4050213597.41311       5.010128021240234E-003
 kmeans                    43   4295351652.07305       5.027055740356445E-003
 kmeans                    45   4444486165.19435       5.162000656127930E-003
 kmeans                    49   4727783865.46091       5.236148834228516E-003
 kmeans                    52   4991381550.27550       5.242824554443359E-003
 kmeans                    51   4848982230.96454       5.284070968627930E-003
 kmeans                    48   4731523810.26491       5.332946777343750E-003
 kmeans                    46   4576160981.77963       5.332946777343750E-003
 kmeans                    47   4629481375.16755       5.335092544555664E-003
 kmeans                    50   4978725698.00757       5.411863327026367E-003
 kmeans                    55   5335677274.02168       5.491971969604492E-003
 kmeans                    58   5424245302.73938       5.496978759765625E-003
 kmeans                    53   5159570411.54290       5.551099777221680E-003
 kmeans                    56   5283303475.71018       5.584001541137695E-003
 kmeans                    59   5512004216.61863       5.630016326904297E-003
 kmeans                    54   5130489664.98376       5.674123764038086E-003
 kmeans                    64   6081811413.92244       5.683898925781250E-003
 kmeans                    57   5455281906.62757       5.706071853637695E-003
 kmeans                    60   5775868976.41418       5.819082260131836E-003
 kmeans                    61   5708919692.48659       5.820035934448242E-003
 kmeans                    62   5439562800.93295       5.828857421875000E-003
 kmeans                    63   6034343710.98073       5.955934524536133E-003
 number of submatrices=                     1
 average sm dim=                  1768
 effort for full matrix ops=   131433372.476056     
 sums of efforts for submatrices=   131433372.476056     
 ratio   1.00000000000000     
 sm                     1                  1768  0.302617073059082     
 muiter                     1 mu  0.000000000000000E+000   1578.00000000000      of                   560
 muiter                     2 mu  -5.00000000000000       0.000000000000000E+000 of                   560
 muiter                     3 mu  -2.50000000000000        134.000000000000      of                   560
 muiter                     4 mu  -1.25000000000000        690.000000000000      of                   560
 muiter                     5 mu  -1.87500000000000        544.000000000000      of                   560
 muiter                     6 mu  -1.56250000000000        558.000000000000      of                   560
 muiter                     7 mu  -1.40625000000000        558.000000000000      of                   560
 muiter                     8 mu  -1.32812500000000        616.000000000000      of                   560
 muiter                     9 mu  -1.36718750000000        568.000000000000      of                   560
 muiter                    10 mu  -1.38671875000000        560.000000000000      of                   560
 iteration of chemical potential converged
 final iteration to get density matrix

Submatrix                                      0.515053034 sec
* alloc                                        0.010543108 sec
* submatrix combination                        0.006227016 sec
* submatrix stats                              0.000086784 sec
* mu iter                                      0.496842146 sec
* submatrix construction                       0.108133078 sec
* submatrix matrix function                    0.351705790 sec
* submatrix eigendecomp                        0.319723129 sec
* submatrix fe                                 0.031924009 sec
* submatrix occ                                0.000073195 sec
* submatrix Nel                                0.000034571 sec
* submatrix final iter                         0.035164118 sec
* submatrix dealloc                            0.001230955 sec
*                                              0.000000000 sec
*                                              0.000000000 sec
*                                              0.000000000 sec
*                                              0.000000000 sec
*                                              0.000000000 sec
*                                              0.000000000 sec
*                                              0.000000000 sec
*                                              0.000000000 sec

 first elements Pref   1.24642703371282       0.264612749593973       0.118319950387380       0.103776697831089       9.868229358501616E-002  0.873280007978857      -5.232548049970482E-003 -4.486431691683411E-003  3.465540895116745E-004   1.06429810405960     
 first elements P      1.24642708866327       0.264612758339429       0.118319951694818       0.103776599905782       9.868227390036595E-002  0.873279945915985      -5.232548547049892E-003 -4.486431764053877E-003  3.465539688010777E-004   1.06429810334449     
 Sparsity of Pref:
   dimension                                    1768
   nonzero elements                          1559354
   sparsity                     0.498861740136361     
   average elements per column                   881
 Sparsity of P:
   dimension                                    1768
   nonzero elements                          1559352
   sparsity                     0.498861100305072     
   average elements per column                   881
 maximal deviation in density matrix  2.083644543463686E-006                531593 -2.454574379285006E-002 -2.454366014830660E-002
 MSE of density matrix  1.379901776133962E-013
 Tr(H Pref)=  -1285.58827577941     
 Tr(H P)=  -1285.58827768564     
 energy deviation abs(Tr(H P)-Tr(H Pref))= -1.906235638671205E-006
 energy deviation per atom abs(Tr(H P)-Tr(H Pref))/n= -1.035997629712612E-008
nel: 560, nel_calc:       560.00000000
 nel in P=   560.000000000001      required nel=                   560
 idempotency deviation  2.805686455734091E-013  9.999999974752427E-007
 frontier MO occupations   :   2.0000  2.0000  2.0000  2.0000  2.0000  2.0000  2.0000  2.0000  2.0000  1.9999  0.0000  0.0000
 (shifted) level energies  :  -0.3237 -0.3224 -0.3215 -0.3182 -0.3181 -0.3160 -0.3157 -0.3138 -0.3072  0.0698  0.0897  0.0899
 gaps (1st,2nd, eV)        :     0.163    0.539
 WARNING WARNING WARNING WARNING
 :::::::   small HL gap  :::::::
 WARNING WARNING WARNING WARNING
 D4 dispersion energy      :     -1.166582

     ------  PTB results ------
  # element  Z   pop.                shell populations
  1     O   6.0  6.1795       1.117  0.407  3.405  1.181  0.069
  2     O   6.0  6.1816       1.117  0.409  3.402  1.185  0.070
  3     O   6.0  6.1763       1.118  0.406  3.407  1.178  0.068
  4     O   6.0  6.1780       1.117  0.409  3.397  1.188  0.068
  5     O   6.0  6.1749       1.118  0.406  3.405  1.178  0.067
  6     O   6.0  6.1794       1.116  0.408  3.400  1.186  0.069
  7     O   6.0  6.1809       1.117  0.407  3.406  1.180  0.070
  8     O   6.0  6.1795       1.117  0.407  3.405  1.181  0.069
  9     O   6.0  6.1808       1.117  0.407  3.406  1.180  0.070
 10     O   6.0  6.1793       1.116  0.408  3.400  1.186  0.069
 11     O   6.0  6.1749       1.118  0.406  3.405  1.178  0.067
 12     O   6.0  6.1781       1.117  0.409  3.397  1.188  0.068
 13     O   6.0  6.1764       1.118  0.406  3.407  1.178  0.068
 14     O   6.0  6.1816       1.117  0.409  3.402  1.185  0.070
 15     N   5.0  4.9143       0.737  0.269  2.799  0.911  0.199
 16     N   5.0  4.9142       0.737  0.269  2.798  0.912  0.198
 17     N   5.0  4.9116       0.736  0.269  2.795  0.913  0.198
 18     N   5.0  4.9108       0.736  0.269  2.795  0.912  0.199
 19     N   5.0  4.9132       0.737  0.270  2.799  0.912  0.196
 20     N   5.0  4.9127       0.738  0.270  2.797  0.912  0.195
 21     N   5.0  4.9074       0.735  0.268  2.794  0.913  0.197
 22     N   5.0  4.9067       0.735  0.269  2.793  0.913  0.197
 23     N   5.0  4.9111       0.738  0.270  2.797  0.912  0.194
 24     N   5.0  4.9125       0.738  0.270  2.798  0.912  0.194
 25     N   5.0  4.9099       0.735  0.269  2.795  0.913  0.198
 26     N   5.0  4.9101       0.735  0.269  2.795  0.913  0.198
 27     N   5.0  4.9134       0.738  0.270  2.796  0.913  0.197
 28     N   5.0  4.9146       0.737  0.269  2.799  0.912  0.198
 29     N   5.0  4.9141       0.737  0.269  2.797  0.912  0.198
 30     N   5.0  4.9142       0.737  0.269  2.799  0.911  0.199
 31     N   5.0  4.9145       0.737  0.269  2.799  0.911  0.199
 32     N   5.0  4.9133       0.738  0.270  2.796  0.913  0.197
 33     N   5.0  4.9100       0.735  0.269  2.795  0.913  0.198
 34     N   5.0  4.9098       0.735  0.269  2.795  0.913  0.198
 35     N   5.0  4.9125       0.738  0.270  2.798  0.912  0.194
 36     N   5.0  4.9112       0.738  0.270  2.797  0.912  0.194
 37     N   5.0  4.9068       0.735  0.269  2.793  0.913  0.197
 38     N   5.0  4.9077       0.735  0.268  2.794  0.913  0.197
 39     N   5.0  4.9128       0.738  0.270  2.797  0.912  0.195
 40     N   5.0  4.9132       0.737  0.270  2.799  0.912  0.196
 41     N   5.0  4.9108       0.736  0.269  2.795  0.912  0.199
 42     N   5.0  4.9116       0.736  0.269  2.795  0.913  0.198
 43     C   4.0  4.0659       0.533  0.245  2.110  0.674  0.504
 44     C   4.0  4.0659       0.533  0.245  2.110  0.674  0.504
 45     C   4.0  4.1047       0.524  0.213  1.968  0.608  0.792
 46     C   4.0  4.0846       0.525  0.254  2.121  0.724  0.460
 47     C   4.0  4.0676       0.532  0.245  2.111  0.675  0.505
 48     C   4.0  4.0675       0.532  0.245  2.111  0.675  0.505
 49     C   4.0  4.0881       0.521  0.213  1.955  0.608  0.791
 50     C   4.0  4.0839       0.525  0.254  2.122  0.724  0.459
 51     C   4.0  4.0658       0.532  0.245  2.110  0.675  0.504
 52     C   4.0  4.0646       0.532  0.244  2.110  0.675  0.504
 53     C   4.0  4.1001       0.525  0.213  1.964  0.606  0.792
 54     C   4.0  4.0830       0.525  0.254  2.121  0.724  0.460
 55     C   4.0  4.0651       0.532  0.245  2.109  0.675  0.504
 56     C   4.0  4.0653       0.532  0.245  2.110  0.675  0.504
 57     C   4.0  4.0824       0.521  0.213  1.949  0.609  0.791
 58     C   4.0  4.0654       0.532  0.245  2.110  0.675  0.504
 59     C   4.0  4.0651       0.532  0.245  2.109  0.675  0.504
 60     C   4.0  4.0859       0.525  0.253  2.123  0.723  0.461
 61     C   4.0  4.0990       0.523  0.213  1.965  0.607  0.791
 62     C   4.0  4.0647       0.532  0.244  2.110  0.675  0.504
 63     C   4.0  4.0658       0.532  0.245  2.110  0.675  0.504
 64     C   4.0  4.0852       0.525  0.254  2.121  0.724  0.461
 65     C   4.0  4.0955       0.522  0.213  1.960  0.609  0.792
 66     C   4.0  4.0675       0.532  0.245  2.111  0.675  0.505
 67     C   4.0  4.0676       0.532  0.245  2.111  0.675  0.505
 68     C   4.0  4.0849       0.525  0.253  2.122  0.724  0.461
 69     C   4.0  4.0993       0.525  0.213  1.964  0.606  0.791
 70     C   4.0  4.0853       0.525  0.254  2.121  0.724  0.461
 71     C   4.0  4.0993       0.523  0.213  1.965  0.607  0.791
 72     C   4.0  4.0837       0.525  0.254  2.121  0.724  0.460
 73     C   4.0  4.0955       0.522  0.213  1.960  0.609  0.792
 74     C   4.0  4.0849       0.525  0.253  2.122  0.724  0.461
 75     C   4.0  4.0860       0.525  0.253  2.123  0.723  0.461
 76     C   4.0  4.1045       0.524  0.213  1.968  0.608  0.792
 77     C   4.0  4.0995       0.525  0.213  1.965  0.606  0.791
 78     C   4.0  4.0837       0.525  0.254  2.121  0.724  0.459
 79     C   4.0  4.0845       0.525  0.254  2.121  0.724  0.460
 80     C   4.0  4.0878       0.521  0.213  1.955  0.608  0.791
 81     C   4.0  4.0824       0.521  0.213  1.949  0.609  0.791
 82     C   4.0  4.0828       0.525  0.254  2.120  0.724  0.459
 83     C   4.0  4.0838       0.525  0.254  2.122  0.724  0.459
 84     C   4.0  4.0999       0.525  0.213  1.964  0.606  0.792
 85     H   1.0  0.9602       0.680  0.146  0.134
 86     H   1.0  0.9279       0.662  0.137  0.129
 87     H   1.0  0.9283       0.662  0.137  0.129
 88     H   1.0  0.9558       0.681  0.143  0.132
 89     H   1.0  0.9551       0.680  0.143  0.132
 90     H   1.0  0.9558       0.681  0.143  0.132
 91     H   1.0  0.9564       0.681  0.143  0.132
 92     H   1.0  0.9279       0.662  0.137  0.129
 93     H   1.0  0.9280       0.662  0.137  0.129
 94     H   1.0  0.9560       0.680  0.143  0.132
 95     H   1.0  0.9569       0.681  0.144  0.133
 96     H   1.0  0.9288       0.662  0.137  0.130
 97     H   1.0  0.9286       0.662  0.137  0.129
 98     H   1.0  0.9280       0.662  0.137  0.129
 99     H   1.0  0.9278       0.662  0.137  0.129
100     H   1.0  0.9567       0.681  0.143  0.133
101     H   1.0  0.9558       0.681  0.143  0.132
102     H   1.0  0.9600       0.680  0.146  0.134
103     H   1.0  0.9560       0.680  0.143  0.132
104     H   1.0  0.9601       0.680  0.146  0.134
105     H   1.0  0.9286       0.662  0.137  0.129
106     H   1.0  0.9592       0.680  0.146  0.134
107     H   1.0  0.9567       0.681  0.143  0.133
108     H   1.0  0.9591       0.680  0.146  0.134
109     H   1.0  0.9278       0.662  0.137  0.129
110     H   1.0  0.9587       0.680  0.145  0.134
111     H   1.0  0.9569       0.681  0.144  0.133
112     H   1.0  0.9587       0.680  0.146  0.134
113     H   1.0  0.9288       0.662  0.137  0.130
114     H   1.0  0.9587       0.680  0.146  0.134
115     H   1.0  0.9279       0.662  0.137  0.129
116     H   1.0  0.9586       0.680  0.145  0.134
117     H   1.0  0.9551       0.680  0.143  0.132
118     H   1.0  0.9591       0.680  0.146  0.134
119     H   1.0  0.9559       0.681  0.143  0.132
120     H   1.0  0.9591       0.680  0.146  0.134
121     H   1.0  0.9283       0.662  0.137  0.129
122     H   1.0  0.9601       0.680  0.146  0.134
123     H   1.0  0.9279       0.662  0.137  0.129
124     H   1.0  0.9600       0.680  0.146  0.134
125     H   1.0  0.9564       0.681  0.143  0.132
126     H   1.0  0.9602       0.680  0.146  0.134
127     C   4.0  4.0279       0.526  0.241  2.152  0.742  0.367
128     C   4.0  4.0289       0.525  0.241  2.152  0.742  0.368
129     C   4.0  4.0279       0.526  0.241  2.152  0.742  0.367
130     C   4.0  4.0272       0.526  0.241  2.151  0.741  0.367
131     C   4.0  4.0271       0.526  0.241  2.151  0.741  0.367
132     C   4.0  4.0289       0.525  0.241  2.152  0.742  0.368
133     C   4.0  3.9988       0.542  0.235  2.085  0.689  0.447
134     C   4.0  3.9988       0.542  0.235  2.085  0.689  0.447
135     C   4.0  4.0768       0.531  0.250  2.197  0.797  0.302
136     C   4.0  4.0764       0.532  0.249  2.199  0.793  0.303
137     C   4.0  4.0772       0.531  0.250  2.198  0.796  0.302
138     C   4.0  4.0771       0.531  0.250  2.198  0.796  0.302
139     C   4.0  4.0764       0.532  0.249  2.199  0.793  0.303
140     C   4.0  4.0769       0.531  0.250  2.197  0.797  0.302
141     C   4.0  4.0620       0.546  0.265  2.195  0.813  0.243
142     C   4.0  4.0622       0.546  0.265  2.196  0.812  0.243
143     C   4.0  4.0623       0.546  0.265  2.196  0.812  0.243
144     C   4.0  4.0620       0.546  0.265  2.195  0.813  0.243
145     C   4.0  4.0638       0.546  0.264  2.195  0.815  0.244
146     C   4.0  4.0638       0.546  0.264  2.195  0.815  0.244
147     N   5.0  4.7735       0.755  0.267  2.644  0.869  0.239
148     N   5.0  4.7735       0.755  0.267  2.644  0.869  0.239
149     H   1.0  0.9520       0.670  0.148  0.134
150     H   1.0  0.9520       0.670  0.148  0.134
151     H   1.0  0.9516       0.670  0.147  0.134
152     H   1.0  0.9522       0.669  0.149  0.134
153     H   1.0  0.9522       0.669  0.149  0.134
154     H   1.0  0.9516       0.670  0.148  0.134
155     H   1.0  0.9565       0.662  0.149  0.146
156     H   1.0  0.9526       0.664  0.148  0.141
157     H   1.0  0.9569       0.662  0.148  0.147
158     H   1.0  0.9545       0.663  0.148  0.143
159     H   1.0  0.9541       0.663  0.150  0.141
160     H   1.0  0.9550       0.663  0.146  0.146
161     H   1.0  0.9569       0.662  0.148  0.147
162     H   1.0  0.9544       0.663  0.148  0.143
163     H   1.0  0.9565       0.662  0.149  0.146
164     H   1.0  0.9527       0.664  0.148  0.141
165     H   1.0  0.9541       0.663  0.150  0.141
166     H   1.0  0.9549       0.663  0.146  0.146
167     H   1.0  0.9457       0.653  0.144  0.149
168     H   1.0  0.9393       0.656  0.141  0.143
169     H   1.0  0.9425       0.655  0.145  0.143
170     H   1.0  0.9380       0.656  0.142  0.140
171     H   1.0  0.9464       0.654  0.143  0.150
172     H   1.0  0.9406       0.657  0.142  0.142
173     H   1.0  0.9464       0.654  0.143  0.150
174     H   1.0  0.9407       0.657  0.142  0.142
175     H   1.0  0.9457       0.653  0.144  0.149
176     H   1.0  0.9394       0.656  0.141  0.143
177     H   1.0  0.9425       0.655  0.145  0.143
178     H   1.0  0.9379       0.656  0.142  0.140
179     H   1.0  0.9489       0.668  0.137  0.144
180     H   1.0  0.9486       0.668  0.137  0.143
181     H   1.0  0.9486       0.668  0.137  0.143
182     H   1.0  0.9489       0.668  0.137  0.144
183     H   1.0  0.9483       0.668  0.137  0.143
184     H   1.0  0.9483       0.668  0.137  0.143
 CT cal  -1.28153369249776        1.28331319242716     
 largest Wiberg (=(PS)*(SP)) bond orders for each atom
           total WBO             WBO to atom > 0.05 ...
     1  O   2.023    C   61 1.892
     2  O   2.032    C   65 1.890
     3  O   2.019    C   69 1.895
     4  O   2.034    C   57 1.893
     5  O   2.016    C   53 1.893
     6  O   2.027    C   49 1.892
     7  O   2.020    C   45 1.888
     8  O   2.023    C   71 1.892
     9  O   2.020    C   76 1.888
    10  O   2.027    C   80 1.892
    11  O   2.016    C   84 1.893
    12  O   2.034    C   81 1.893
    13  O   2.019    C   77 1.895
    14  O   2.032    C   73 1.890
    15  N   3.320    C   61 1.185    C   43 1.086    C   60 1.060
    16  N   3.319    C   61 1.188    C   44 1.085    C   64 1.056
    17  N   3.324    C   65 1.185    C   47 1.088    C   64 1.061
    18  N   3.328    C   65 1.184    C   48 1.089    C   68 1.063
    19  N   3.316    C   69 1.194    C   51 1.083    C   68 1.055
    20  N   3.312    C   69 1.193    C   52 1.082    C   72 1.052
    21  N   3.323    C   57 1.182    C   55 1.090    C   72 1.065
    22  N   3.324    C   57 1.182    C   56 1.090    C   54 1.064
    23  N   3.316    C   53 1.198    C   58 1.082    C   54 1.052
    24  N   3.312    C   53 1.195    C   59 1.081    C   50 1.053
    25  N   3.322    C   49 1.182    C   62 1.088    C   50 1.063
    26  N   3.322    C   49 1.183    C   63 1.088    C   46 1.062
    27  N   3.322    C   45 1.192    C   66 1.084    C   46 1.055
    28  N   3.324    C   45 1.191    C   67 1.085    C   60 1.059
    29  N   3.320    C   71 1.188    C   43 1.086    C   70 1.056
    30  N   3.321    C   71 1.186    C   44 1.086    C   75 1.060
    31  N   3.324    C   76 1.191    C   47 1.085    C   75 1.059
    32  N   3.322    C   76 1.192    C   48 1.084    C   79 1.055
    33  N   3.322    C   80 1.183    C   51 1.088    C   79 1.062
    34  N   3.322    C   80 1.182    C   52 1.088    C   83 1.063
    35  N   3.311    C   84 1.195    C   55 1.081    C   83 1.053
    36  N   3.316    C   84 1.198    C   56 1.082    C   82 1.052
    37  N   3.323    C   81 1.182    C   58 1.090    C   82 1.064
    38  N   3.323    C   81 1.182    C   59 1.090    C   78 1.065
    39  N   3.312    C   77 1.193    C   62 1.082    C   78 1.052
    40  N   3.316    C   77 1.194    C   63 1.083    C   74 1.055
    41  N   3.328    C   73 1.184    C   66 1.089    C   74 1.063
    42  N   3.325    C   73 1.185    C   67 1.088    C   70 1.061
    43  C   4.243    N   15 1.086    N   29 1.086    C   44 1.034    H   85 0.981
    44  C   4.243    N   30 1.086    N   16 1.085    C   43 1.034    H  126 0.981
    45  C   4.292    O    7 1.888    N   27 1.192    N   28 1.191
    46  C   4.137    N   26 1.062    N   27 1.055    H  125 0.993    H  123 0.974
    47  C   4.245    N   17 1.088    N   31 1.085    C   48 1.034    H  124 0.981
    48  C   4.246    N   18 1.089    N   32 1.084    C   47 1.034    H  122 0.981
    49  C   4.273    O    6 1.892    N   26 1.183    N   25 1.182
    50  C   4.134    N   25 1.063    N   24 1.053    H  119 0.993    H  121 0.975
    51  C   4.242    N   33 1.088    N   19 1.083    C   52 1.034    H  120 0.981
    52  C   4.241    N   34 1.088    N   20 1.082    C   51 1.034    H  118 0.981
    53  C   4.294    O    5 1.893    N   23 1.198    N   24 1.195
    54  C   4.135    N   22 1.064    N   23 1.052    H  117 0.993    H  115 0.974
    55  C   4.242    N   21 1.090    N   35 1.081    C   56 1.034    H  116 0.981
    56  C   4.242    N   22 1.090    N   36 1.082    C   55 1.034    H  114 0.981
    57  C   4.268    O    4 1.893    N   22 1.182    N   21 1.182
    58  C   4.242    N   37 1.090    N   23 1.082    C   59 1.034    H  112 0.981
    59  C   4.242    N   38 1.090    N   24 1.081    C   58 1.034    H  110 0.981
    60  C   4.138    N   15 1.060    N   28 1.059    H  111 0.992    H  113 0.975
    61  C   4.284    O    1 1.892    N   16 1.188    N   15 1.185
    62  C   4.241    N   25 1.088    N   39 1.082    C   63 1.034    H  108 0.981
    63  C   4.242    N   26 1.088    N   40 1.083    C   62 1.034    H  106 0.981
    64  C   4.137    N   17 1.061    N   16 1.056    H  107 0.993    H  109 0.974
    65  C   4.279    O    2 1.890    N   17 1.185    N   18 1.184
    66  C   4.246    N   41 1.089    N   27 1.084    C   67 1.034    H  104 0.981
    67  C   4.245    N   42 1.088    N   28 1.085    C   66 1.034    H  102 0.981
    68  C   4.137    N   18 1.063    N   19 1.055    H  103 0.993    H  105 0.975
    69  C   4.290    O    3 1.895    N   19 1.194    N   20 1.193
    70  C   4.138    N   42 1.061    N   29 1.056    H  100 0.993    H   99 0.974
    71  C   4.284    O    8 1.892    N   29 1.188    N   30 1.186
    72  C   4.135    N   21 1.065    N   20 1.052    H  101 0.993    H   98 0.974
    73  C   4.279    O   14 1.890    N   42 1.185    N   41 1.184
    74  C   4.137    N   41 1.063    N   40 1.055    H   94 0.993    H   97 0.975
    75  C   4.138    N   30 1.060    N   31 1.059    H   95 0.992    H   96 0.975
    76  C   4.292    O    9 1.888    N   32 1.192    N   31 1.191
    77  C   4.291    O   13 1.895    N   40 1.194    N   39 1.193
    78  C   4.135    N   38 1.065    N   39 1.052    H   90 0.993    H   93 0.974
    79  C   4.137    N   33 1.062    N   32 1.055    H   91 0.993    H   92 0.974
    80  C   4.272    O   10 1.892    N   33 1.183    N   34 1.182
    81  C   4.267    O   12 1.893    N   37 1.182    N   38 1.182
    82  C   4.135    N   37 1.064    N   36 1.052    H   89 0.993    H   86 0.974
    83  C   4.134    N   34 1.063    N   35 1.053    H   88 0.993    H   87 0.975
    84  C   4.294    O   11 1.893    N   36 1.198    N   35 1.195
    85  H   1.017    C   43 0.981
    86  H   0.952    C   82 0.974
    87  H   0.953    C   83 0.975
    88  H   1.014    C   83 0.993
    89  H   1.013    C   82 0.993
    90  H   1.014    C   78 0.993
    91  H   1.015    C   79 0.993
    92  H   0.952    C   79 0.974
    93  H   0.953    C   78 0.974
    94  H   1.015    C   74 0.993
    95  H   1.016    C   75 0.992
    96  H   0.954    C   75 0.975
    97  H   0.953    C   74 0.975
    98  H   0.953    C   72 0.974
    99  H   0.952    C   70 0.974
   100  H   1.016    C   70 0.993
   101  H   1.014    C   72 0.993
   102  H   1.017    C   67 0.981
   103  H   1.015    C   68 0.993
   104  H   1.017    C   66 0.981
   105  H   0.953    C   68 0.975
   106  H   1.016    C   63 0.981
   107  H   1.016    C   64 0.993
   108  H   1.015    C   62 0.981
   109  H   0.952    C   64 0.974
   110  H   1.014    C   59 0.981
   111  H   1.016    C   60 0.992
   112  H   1.014    C   58 0.981
   113  H   0.954    C   60 0.975
   114  H   1.014    C   56 0.981
   115  H   0.952    C   54 0.974
   116  H   1.014    C   55 0.981
   117  H   1.013    C   54 0.993
   118  H   1.015    C   52 0.981
   119  H   1.014    C   50 0.993
   120  H   1.015    C   51 0.981
   121  H   0.953    C   50 0.975
   122  H   1.017    C   48 0.981
   123  H   0.952    C   46 0.974
   124  H   1.017    C   47 0.981
   125  H   1.015    C   46 0.993
   126  H   1.017    C   44 0.981
   127  C   4.016    C  137 1.019    C  132 1.012    C  130 1.011    H  149 0.945
   128  C   4.016    C  139 1.019    C  129 1.012    C  132 1.010    H  153 0.944
   129  C   4.016    C  138 1.019    C  128 1.012    C  131 1.011    H  150 0.945
   130  C   4.016    C  140 1.018    C  131 1.013    C  127 1.011    H  154 0.946
   131  C   4.016    C  135 1.018    C  130 1.013    C  129 1.011    H  151 0.946
   132  C   4.016    C  136 1.019    C  127 1.012    C  128 1.010    H  152 0.944
   133  C   4.126    C  140 1.058    C  138 1.057    C  136 1.057    N  147 0.854
   134  C   4.126    C  135 1.058    C  137 1.057    C  139 1.057    N  148 0.854
   135  C   3.979    C  134 1.058    C  131 1.018    H  162 0.956    H  159 0.955
   136  C   3.980    C  133 1.057    C  132 1.019    H  160 0.958    H  161 0.956
   137  C   3.980    C  134 1.057    C  127 1.019    H  164 0.957    H  155 0.955
   138  C   3.980    C  133 1.057    C  129 1.019    H  156 0.957    H  163 0.955
   139  C   3.980    C  134 1.057    C  128 1.019    H  166 0.958    H  157 0.956
   140  C   3.980    C  133 1.058    C  130 1.018    H  158 0.956    H  165 0.955
   141  C   3.877    H  179 1.005    H  174 0.978    H  167 0.970    N  148 0.964
   142  C   3.878    H  180 1.005    H  168 0.976    H  173 0.972    N  147 0.965
   143  C   3.878    H  181 1.005    H  176 0.976    H  171 0.972    N  148 0.965
   144  C   3.877    H  182 1.005    H  172 0.978    H  175 0.970    N  147 0.964
   145  C   3.880    H  183 1.004    H  178 0.977    H  169 0.972    N  148 0.966
   146  C   3.880    H  184 1.004    H  170 0.977    H  177 0.972    N  147 0.966
   147  N   3.758    C  146 0.966    C  142 0.965    C  144 0.964    C  133 0.854
   148  N   3.758    C  145 0.966    C  143 0.965    C  141 0.964    C  134 0.854
   149  H   0.963    C  127 0.945
   150  H   0.962    C  129 0.945
   151  H   0.960    C  131 0.946
   152  H   0.965    C  132 0.944
   153  H   0.965    C  128 0.944
   154  H   0.960    C  130 0.946
   155  H   0.944    C  137 0.955
   156  H   0.938    C  138 0.957
   157  H   0.942    C  139 0.956
   158  H   0.937    C  140 0.956
   159  H   0.944    C  135 0.955
   160  H   0.937    C  136 0.958
   161  H   0.942    C  136 0.956
   162  H   0.937    C  135 0.956
   163  H   0.944    C  138 0.955
   164  H   0.938    C  137 0.957
   165  H   0.944    C  140 0.955
   166  H   0.937    C  139 0.958
   167  H   0.956    C  141 0.970
   168  H   0.968    C  142 0.976
   169  H   0.957    C  145 0.972
   170  H   0.970    C  146 0.977
   171  H   0.956    C  143 0.972
   172  H   0.969    C  144 0.978
   173  H   0.955    C  142 0.972
   174  H   0.969    C  141 0.978
   175  H   0.956    C  144 0.970
   176  H   0.968    C  143 0.976
   177  H   0.958    C  146 0.972
   178  H   0.970    C  145 0.977
   179  H   1.021    C  141 1.005
   180  H   1.020    C  142 1.005
   181  H   1.020    C  143 1.005
   182  H   1.021    C  144 1.005
   183  H   1.020    C  145 1.004
   184  H   1.020    C  146 1.004
dipole moment  X         Y          Z
        1.181206        0.022372       -0.026512  total     (au/Debye)      :     1.1817     3.0037
second moment  X^2       Y^2        Z^2
      376.478022      376.617855      531.033705  average   (au)            :   428.0432
cpu  time for all    4 m 37.5 s
wall time for all    0 m  8.0 s
