 
       ==============================================
       |                 P T B                      |
       |                S.Grimme                    |
       |          Universitaet Bonn, MCTC           |
       ==============================================
       Version 3.7, Do 28. Apr 14:28:45 CEST 2022
 
       Cite work conducted with this code as
       S. Grimme, M. Mueller, A. Hansen, unpublished.
 
 filter  1.000000000000000E-004
 ../../../../.atompara                                                                                                                                                                                                                                           
          =========================
          reading ... ../../../../systems/s30l_24.xyz
          =========================
 basis read done.
 ncao                   1874
 nsao                   1768
 npr                    4908
 basis setup done. Ndim                  1768
 coreat                    106
 cncao                     106
 cnsao                     106
 cnpr                      636
 
 nalpha                    280
 nbeta                     280
 ntotal                    560
 nopen                       0
cpu  time for startup and initial S    0.43 s
wall time for startup and initial S    0.00 s
               -----------------------
               |      PTB  model      |
               | SG, MM, AH 2020-2022 |
               -----------------------
 prop :                     1
 PA setup with Mull-Loew partitioning   0.333333 ...
 done.
EEQ done. sum q :    0.000
    atom   Zeff  qEEQ  mod   srCN   noHCN   CN(EEQ)
    1    8  6.0    -0.115   1.389   0.300   1.001
    2    8  6.0    -0.115   1.373   0.300   1.001
    3    8  6.0    -0.115   1.387   0.300   1.001
    4    8  6.0    -0.114   1.373   0.301   1.001
    5    8  6.0    -0.116   1.390   0.300   1.001
    6    8  6.0    -0.115   1.380   0.301   1.001
    7    8  6.0    -0.116   1.385   0.299   1.001
    8    8  6.0    -0.115   1.389   0.300   1.001
    9    8  6.0    -0.116   1.385   0.299   1.001
   10    8  6.0    -0.115   1.379   0.301   1.001
   11    8  6.0    -0.116   1.390   0.300   1.001
   12    8  6.0    -0.114   1.373   0.301   1.001
   13    8  6.0    -0.115   1.387   0.300   1.001
   14    8  6.0    -0.114   1.373   0.300   1.001
   15    7  5.0     0.036   3.836   0.456   3.033
   16    7  5.0     0.035   3.832   0.454   3.032
   17    7  5.0     0.036   3.832   0.454   3.033
   18    7  5.0     0.036   3.836   0.457   3.034
   19    7  5.0     0.035   3.837   0.454   3.032
   20    7  5.0     0.035   3.835   0.453   3.031
   21    7  5.0     0.036   3.834   0.457   3.034
   22    7  5.0     0.036   3.834   0.457   3.034
   23    7  5.0     0.035   3.835   0.454   3.031
   24    7  5.0     0.035   3.835   0.453   3.031
   25    7  5.0     0.036   3.833   0.457   3.034
   26    7  5.0     0.036   3.833   0.456   3.034
   27    7  5.0     0.035   3.834   0.453   3.032
   28    7  5.0     0.035   3.836   0.455   3.033
   29    7  5.0     0.035   3.832   0.454   3.032
   30    7  5.0     0.036   3.836   0.456   3.033
   31    7  5.0     0.035   3.836   0.455   3.033
   32    7  5.0     0.035   3.834   0.453   3.032
   33    7  5.0     0.036   3.834   0.456   3.034
   34    7  5.0     0.036   3.833   0.457   3.034
   35    7  5.0     0.035   3.835   0.453   3.031
   36    7  5.0     0.035   3.835   0.453   3.031
   37    7  5.0     0.036   3.834   0.456   3.034
   38    7  5.0     0.036   3.834   0.457   3.034
   39    7  5.0     0.035   3.835   0.453   3.031
   40    7  5.0     0.035   3.837   0.454   3.032
   41    7  5.0     0.036   3.836   0.457   3.034
   42    7  5.0     0.036   3.832   0.455   3.033
   43    6  4.0    -0.041   4.716   0.321   4.054
   44    6  4.0    -0.041   4.716   0.321   4.054
   45    6  4.0    -0.051   3.641   0.653   3.063
   46    6  4.0    -0.064   4.150   0.279   3.994
   47    6  4.0    -0.041   4.716   0.321   4.053
   48    6  4.0    -0.041   4.719   0.321   4.054
   49    6  4.0    -0.051   3.653   0.653   3.062
   50    6  4.0    -0.064   4.153   0.279   3.994
   51    6  4.0    -0.041   4.715   0.321   4.053
   52    6  4.0    -0.041   4.719   0.321   4.054
   53    6  4.0    -0.051   3.639   0.654   3.065
   54    6  4.0    -0.064   4.153   0.279   3.994
   55    6  4.0    -0.041   4.716   0.321   4.053
   56    6  4.0    -0.041   4.718   0.321   4.054
   57    6  4.0    -0.051   3.652   0.653   3.061
   58    6  4.0    -0.041   4.718   0.321   4.054
   59    6  4.0    -0.041   4.716   0.321   4.053
   60    6  4.0    -0.064   4.156   0.280   3.995
   61    6  4.0    -0.051   3.647   0.653   3.063
   62    6  4.0    -0.041   4.719   0.321   4.054
   63    6  4.0    -0.041   4.715   0.321   4.053
   64    6  4.0    -0.064   4.148   0.279   3.994
   65    6  4.0    -0.051   3.647   0.652   3.062
   66    6  4.0    -0.041   4.719   0.321   4.054
   67    6  4.0    -0.041   4.716   0.321   4.053
   68    6  4.0    -0.064   4.156   0.280   3.994
   69    6  4.0    -0.051   3.640   0.653   3.064
   70    6  4.0    -0.064   4.148   0.279   3.994
   71    6  4.0    -0.051   3.647   0.653   3.063
   72    6  4.0    -0.064   4.153   0.279   3.994
   73    6  4.0    -0.051   3.647   0.652   3.062
   74    6  4.0    -0.064   4.156   0.280   3.994
   75    6  4.0    -0.064   4.156   0.280   3.995
   76    6  4.0    -0.051   3.641   0.653   3.064
   77    6  4.0    -0.051   3.640   0.653   3.064
   78    6  4.0    -0.064   4.152   0.279   3.994
   79    6  4.0    -0.064   4.150   0.279   3.994
   80    6  4.0    -0.051   3.653   0.653   3.062
   81    6  4.0    -0.051   3.652   0.652   3.061
   82    6  4.0    -0.064   4.152   0.279   3.994
   83    6  4.0    -0.064   4.153   0.279   3.994
   84    6  4.0    -0.051   3.639   0.654   3.065
   85    1  1.0     0.037   0.937   0.002   0.993
   86    1  1.0     0.063   0.952   0.003   0.993
   87    1  1.0     0.063   0.952   0.003   0.993
   88    1  1.0     0.039   0.897   0.002   0.993
   89    1  1.0     0.039   0.897   0.002   0.993
   90    1  1.0     0.039   0.897   0.002   0.993
   91    1  1.0     0.039   0.897   0.002   0.993
   92    1  1.0     0.063   0.952   0.003   0.993
   93    1  1.0     0.063   0.952   0.003   0.993
   94    1  1.0     0.039   0.897   0.002   0.993
   95    1  1.0     0.039   0.897   0.002   0.993
   96    1  1.0     0.063   0.953   0.003   0.993
   97    1  1.0     0.063   0.953   0.003   0.993
   98    1  1.0     0.063   0.952   0.003   0.993
   99    1  1.0     0.063   0.952   0.003   0.993
  100    1  1.0     0.039   0.897   0.002   0.993
  101    1  1.0     0.039   0.897   0.002   0.993
  102    1  1.0     0.037   0.937   0.002   0.993
  103    1  1.0     0.039   0.897   0.002   0.993
  104    1  1.0     0.037   0.937   0.002   0.993
  105    1  1.0     0.063   0.953   0.003   0.993
  106    1  1.0     0.037   0.937   0.002   0.993
  107    1  1.0     0.039   0.897   0.002   0.993
  108    1  1.0     0.037   0.937   0.002   0.993
  109    1  1.0     0.063   0.952   0.003   0.993
  110    1  1.0     0.037   0.937   0.002   0.993
  111    1  1.0     0.039   0.897   0.002   0.993
  112    1  1.0     0.037   0.937   0.002   0.993
  113    1  1.0     0.063   0.953   0.003   0.993
  114    1  1.0     0.037   0.937   0.002   0.993
  115    1  1.0     0.063   0.952   0.003   0.993
  116    1  1.0     0.037   0.937   0.002   0.993
  117    1  1.0     0.039   0.897   0.002   0.993
  118    1  1.0     0.037   0.937   0.002   0.993
  119    1  1.0     0.039   0.897   0.002   0.993
  120    1  1.0     0.037   0.937   0.002   0.993
  121    1  1.0     0.063   0.952   0.003   0.993
  122    1  1.0     0.037   0.937   0.002   0.993
  123    1  1.0     0.063   0.952   0.003   0.993
  124    1  1.0     0.037   0.937   0.002   0.993
  125    1  1.0     0.039   0.897   0.002   0.993
  126    1  1.0     0.037   0.937   0.002   0.993
  127    6  4.0    -0.026   4.849   0.159   3.989
  128    6  4.0    -0.026   4.848   0.160   3.989
  129    6  4.0    -0.026   4.849   0.159   3.989
  130    6  4.0    -0.027   4.854   0.159   3.990
  131    6  4.0    -0.027   4.854   0.159   3.990
  132    6  4.0    -0.026   4.848   0.160   3.990
  133    6  4.0    -0.035   5.015   0.236   3.973
  134    6  4.0    -0.035   5.015   0.236   3.973
  135    6  4.0    -0.056   4.644   0.111   3.987
  136    6  4.0    -0.056   4.654   0.113   3.987
  137    6  4.0    -0.056   4.651   0.112   3.987
  138    6  4.0    -0.056   4.650   0.112   3.987
  139    6  4.0    -0.056   4.654   0.113   3.987
  140    6  4.0    -0.056   4.644   0.111   3.987
  141    6  4.0    -0.107   3.982   0.112   3.995
  142    6  4.0    -0.107   3.979   0.113   3.995
  143    6  4.0    -0.107   3.979   0.113   3.995
  144    6  4.0    -0.107   3.981   0.112   3.995
  145    6  4.0    -0.106   3.980   0.113   3.995
  146    6  4.0    -0.106   3.980   0.113   3.995
  147    7  5.0     0.142   4.056   0.386   3.952
  148    7  5.0     0.142   4.056   0.386   3.952
  149    1  1.0     0.049   0.972   0.002   0.993
  150    1  1.0     0.049   0.972   0.002   0.993
  151    1  1.0     0.049   0.974   0.002   0.993
  152    1  1.0     0.049   0.970   0.002   0.993
  153    1  1.0     0.049   0.970   0.002   0.993
  154    1  1.0     0.049   0.974   0.002   0.993
  155    1  1.0     0.053   0.908   0.003   0.993
  156    1  1.0     0.053   0.931   0.003   0.994
  157    1  1.0     0.053   0.917   0.003   0.993
  158    1  1.0     0.054   0.924   0.003   0.994
  159    1  1.0     0.053   0.905   0.003   0.993
  160    1  1.0     0.054   0.937   0.003   0.994
  161    1  1.0     0.053   0.917   0.003   0.993
  162    1  1.0     0.054   0.924   0.003   0.994
  163    1  1.0     0.053   0.908   0.003   0.993
  164    1  1.0     0.053   0.931   0.003   0.994
  165    1  1.0     0.053   0.905   0.003   0.993
  166    1  1.0     0.054   0.937   0.003   0.994
  167    1  1.0     0.053   0.831   0.003   0.994
  168    1  1.0     0.050   0.835   0.003   0.994
  169    1  1.0     0.051   0.826   0.003   0.994
  170    1  1.0     0.049   0.832   0.003   0.994
  171    1  1.0     0.052   0.835   0.003   0.994
  172    1  1.0     0.050   0.835   0.003   0.994
  173    1  1.0     0.052   0.836   0.003   0.994
  174    1  1.0     0.050   0.835   0.003   0.994
  175    1  1.0     0.053   0.831   0.003   0.994
  176    1  1.0     0.050   0.835   0.003   0.994
  177    1  1.0     0.051   0.826   0.003   0.994
  178    1  1.0     0.049   0.832   0.003   0.994
  179    1  1.0     0.039   0.836   0.003   0.994
  180    1  1.0     0.039   0.835   0.003   0.994
  181    1  1.0     0.039   0.835   0.003   0.994
  182    1  1.0     0.039   0.836   0.003   0.994
  183    1  1.0     0.039   0.835   0.003   0.994
  184    1  1.0     0.039   0.835   0.003   0.994
 computing Vecp ...
 PTB H matrix iteration                      1  done. Now solving ...
 S before filtering:
   dimension                                    1768
   nonzero elements                           989734
   sparsity                     0.316631390634917     
   average elements per column                   559
 S after filtering:
   dimension                                    1768
   nonzero elements                           473126
   sparsity                     0.151360409287279     
   average elements per column                   267
 H before filtering:
   dimension                                    1768
   nonzero elements                          1572472
   sparsity                     0.503058393562785     
   average elements per column                   889
 H after filtering:
   dimension                                    1768
   nonzero elements                           831178
   sparsity                     0.265906845682930     
   average elements per column                   470

Total solve2                                   0.378530025 sec
* sygvd solver                                 0.340846062 sec

nel: 560, nel_calc:       560.00000000
 nel in P=   560.000000000000      required nel=                   560
 idempotency deviation  4.825509179005121E-003  9.999999974752427E-007
 Error: density matrix is not idempotent.
 Stupid simple implementation of the submatrix method:                     3                     2
 number of submatrices=                     1
 average sm dim=                  1768
 effort for full matrix ops=   131433372.476056     
 sums of efforts for submatrices=   131433372.476056     
 ratio   1.00000000000000     
 sm                     1                  1768  0.302232980728149     
 muiter                     1 mu  0.000000000000000E+000   1574.00000000000      of                   560
 muiter                     2 mu  -5.00000000000000       0.000000000000000E+000 of                   560
 muiter                     3 mu  -2.50000000000000        274.000000000000      of                   560
 muiter                     4 mu  -1.25000000000000        724.000000000000      of                   560
 muiter                     5 mu  -1.87500000000000        558.000000000000      of                   560
 muiter                     6 mu  -1.56250000000000        558.000000000000      of                   560
 muiter                     7 mu  -1.40625000000000        610.000000000000      of                   560
 muiter                     8 mu  -1.48437500000000        586.000000000000      of                   560
 muiter                     9 mu  -1.52343750000000        560.000000000000      of                   560
 iteration of chemical potential converged
 final iteration to get density matrix

Submatrix                                      0.517279148 sec
* alloc                                        0.011096954 sec
* submatrix combination                        0.000040054 sec
* submatrix stats                              0.000153065 sec
* mu iter                                      0.501332045 sec
* submatrix construction                       0.113054991 sec
* submatrix matrix function                    0.349936008 sec
* submatrix eigendecomp                        0.318303823 sec
* submatrix fe                                 0.031548023 sec
* submatrix occ                                0.000102520 sec
* submatrix Nel                                0.000033617 sec
* submatrix final iter                         0.036422014 sec
* submatrix dealloc                            0.004515886 sec
*                                              0.000000000 sec
*                                              0.000000000 sec
*                                              0.000000000 sec
*                                              0.000000000 sec
*                                              0.000000000 sec
*                                              0.000000000 sec
*                                              0.000000000 sec
*                                              0.000000000 sec

 first elements Pref   1.28588297505465       0.427114220128398       0.204580226814840       0.104941094333094       0.104945416833511       0.976031599642268      -4.812033759687979E-003 -4.757579975977809E-003  1.425307533096793E-003   1.15174706534521     
 first elements P      1.28589432865912       0.427117516054067       0.204581180193843       0.104778482146985       0.104900816819823       0.976359713283766      -4.812843964309223E-003 -4.757786028688990E-003  1.417032473098252E-003   1.15174647528073     
 Sparsity of Pref:
   dimension                                    1768
   nonzero elements                          1557702
   sparsity                     0.498333239491411     
   average elements per column                   881
 Sparsity of P:
   dimension                                    1768
   nonzero elements                          1558030
   sparsity                     0.498438171822854     
   average elements per column                   881
 maximal deviation in density matrix  3.073178390090112E-003                417111  2.281031217388843E-002  1.973713378379831E-002
 MSE of density matrix  3.841777633619217E-007
 Tr(H Pref)=  -1535.59972291149     
 Tr(H P)=  -1535.60038425540     
 energy deviation abs(Tr(H P)-Tr(H Pref))= -6.613439149987244E-004
 energy deviation per atom abs(Tr(H P)-Tr(H Pref))/n= -3.594260407601763E-006
nel: 560, nel_calc:       560.00000000
 nel in P=   560.000000000000      required nel=                   560
 idempotency deviation  4.561545910962417E-013  9.999999974752427E-007
 PTB H matrix iteration                      2  done. Now solving ...
 S before filtering:
   dimension                                    1768
   nonzero elements                           473126
   sparsity                     0.151360409287279     
   average elements per column                   267
 S after filtering:
   dimension                                    1768
   nonzero elements                           473126
   sparsity                     0.151360409287279     
   average elements per column                   267
 H before filtering:
   dimension                                    1768
   nonzero elements                          1540810
   sparsity                     0.492929224422104     
   average elements per column                   871
 H after filtering:
   dimension                                    1768
   nonzero elements                           748344
   sparsity                     0.239406953174587     
   average elements per column                   423

Total solve2                                   0.321142912 sec
* sygvd solver                                 0.299829006 sec

nel: 560, nel_calc:       560.00000000
 nel in P=   560.000000000029      required nel=                   560
 idempotency deviation  1.727434003093316E-004  9.999999974752427E-007
 Error: density matrix is not idempotent.
 Stupid simple implementation of the submatrix method:                     3                     2
 number of submatrices=                     1
 average sm dim=                  1768
 effort for full matrix ops=   131433372.476056     
 sums of efforts for submatrices=   131433372.476056     
 ratio   1.00000000000000     
 sm                     1                  1768  0.298213958740234     
 muiter                     1 mu  0.000000000000000E+000   1578.00000000000      of                   560
 muiter                     2 mu  -5.00000000000000       0.000000000000000E+000 of                   560
 muiter                     3 mu  -2.50000000000000        134.000000000000      of                   560
 muiter                     4 mu  -1.25000000000000        690.000000000000      of                   560
 muiter                     5 mu  -1.87500000000000        544.000000000000      of                   560
 muiter                     6 mu  -1.56250000000000        558.000000000000      of                   560
 muiter                     7 mu  -1.40625000000000        558.000000000000      of                   560
 muiter                     8 mu  -1.32812500000000        616.000000000000      of                   560
 muiter                     9 mu  -1.36718750000000        568.000000000000      of                   560
 muiter                    10 mu  -1.38671875000000        560.000000000000      of                   560
 iteration of chemical potential converged
 final iteration to get density matrix

Submatrix                                      0.500721931 sec
* alloc                                        0.010771990 sec
* submatrix combination                        0.000010967 sec
* submatrix stats                              0.000160933 sec
* mu iter                                      0.488317966 sec
* submatrix construction                       0.104925871 sec
* submatrix matrix function                    0.345239162 sec
* submatrix eigendecomp                        0.314339876 sec
* submatrix fe                                 0.030817986 sec
* submatrix occ                                0.000077248 sec
* submatrix Nel                                0.000031710 sec
* submatrix final iter                         0.036377907 sec
* submatrix dealloc                            0.001312971 sec
*                                              0.000000000 sec
*                                              0.000000000 sec
*                                              0.000000000 sec
*                                              0.000000000 sec
*                                              0.000000000 sec
*                                              0.000000000 sec
*                                              0.000000000 sec
*                                              0.000000000 sec

 first elements Pref   1.24629754594280       0.264731687087716       0.118356550122497       0.103797240750639       9.867402461669637E-002  0.872918205617374      -5.212216720209883E-003 -4.554660894316245E-003  3.557671384488127E-004   1.06417106999168     
 first elements P      1.24629760842361       0.264731697092507       0.118356551636164       0.103797133946298       9.867400305781705E-002  0.872918120104743      -5.212217214671898E-003 -4.554660965190974E-003  3.557666101160018E-004   1.06417106917603     
 Sparsity of Pref:
   dimension                                    1768
   nonzero elements                          1559096
   sparsity                     0.498779201900043     
   average elements per column                   881
 Sparsity of P:
   dimension                                    1768
   nonzero elements                          1559100
   sparsity                     0.498780481562622     
   average elements per column                   881
 maximal deviation in density matrix  2.350298082185592E-006                531593 -2.449609913869367E-002 -2.449374884061148E-002
 MSE of density matrix  1.764572662241726E-013
 Tr(H Pref)=  -1285.58458075409     
 Tr(H P)=  -1285.58458288813     
 energy deviation abs(Tr(H P)-Tr(H Pref))= -2.134035639755893E-006
 energy deviation per atom abs(Tr(H P)-Tr(H Pref))/n= -1.159801978128203E-008
nel: 560, nel_calc:       560.00000000
 nel in P=   560.000000000000      required nel=                   560
 idempotency deviation  3.996627247898621E-013  9.999999974752427E-007
 frontier MO occupations   :   2.0000  2.0000  2.0000  2.0000  2.0000  2.0000  2.0000  2.0000  2.0000  1.9999  0.0000  0.0000
 (shifted) level energies  :  -0.3237 -0.3223 -0.3215 -0.3182 -0.3180 -0.3161 -0.3158 -0.3139 -0.3072  0.0701  0.0897  0.0900
 gaps (1st,2nd, eV)        :     0.164    0.533
 WARNING WARNING WARNING WARNING
 :::::::   small HL gap  :::::::
 WARNING WARNING WARNING WARNING
 D4 dispersion energy      :     -1.166646

     ------  PTB results ------
  # element  Z   pop.                shell populations
  1     O   6.0  6.1791       1.117  0.407  3.405  1.181  0.069
  2     O   6.0  6.1812       1.117  0.409  3.401  1.185  0.069
  3     O   6.0  6.1762       1.118  0.406  3.407  1.178  0.068
  4     O   6.0  6.1780       1.117  0.409  3.397  1.188  0.068
  5     O   6.0  6.1749       1.118  0.406  3.405  1.178  0.067
  6     O   6.0  6.1792       1.116  0.408  3.400  1.186  0.069
  7     O   6.0  6.1804       1.118  0.407  3.406  1.180  0.070
  8     O   6.0  6.1790       1.117  0.407  3.405  1.181  0.069
  9     O   6.0  6.1804       1.117  0.407  3.406  1.180  0.070
 10     O   6.0  6.1792       1.116  0.408  3.399  1.186  0.069
 11     O   6.0  6.1749       1.118  0.406  3.405  1.178  0.067
 12     O   6.0  6.1780       1.117  0.409  3.397  1.188  0.068
 13     O   6.0  6.1763       1.118  0.406  3.407  1.178  0.068
 14     O   6.0  6.1812       1.117  0.409  3.401  1.185  0.070
 15     N   5.0  4.9139       0.737  0.269  2.798  0.911  0.199
 16     N   5.0  4.9137       0.737  0.269  2.797  0.912  0.198
 17     N   5.0  4.9112       0.736  0.269  2.795  0.913  0.198
 18     N   5.0  4.9105       0.736  0.269  2.795  0.912  0.198
 19     N   5.0  4.9131       0.737  0.270  2.799  0.912  0.196
 20     N   5.0  4.9127       0.738  0.270  2.797  0.912  0.195
 21     N   5.0  4.9076       0.735  0.268  2.794  0.913  0.197
 22     N   5.0  4.9069       0.735  0.269  2.793  0.913  0.197
 23     N   5.0  4.9113       0.738  0.270  2.797  0.912  0.195
 24     N   5.0  4.9126       0.738  0.270  2.798  0.912  0.195
 25     N   5.0  4.9099       0.735  0.269  2.795  0.913  0.198
 26     N   5.0  4.9101       0.735  0.269  2.795  0.913  0.198
 27     N   5.0  4.9132       0.738  0.270  2.796  0.913  0.197
 28     N   5.0  4.9143       0.737  0.269  2.798  0.911  0.198
 29     N   5.0  4.9136       0.737  0.269  2.797  0.912  0.198
 30     N   5.0  4.9137       0.737  0.269  2.798  0.911  0.198
 31     N   5.0  4.9142       0.737  0.269  2.798  0.911  0.198
 32     N   5.0  4.9130       0.738  0.270  2.796  0.913  0.197
 33     N   5.0  4.9099       0.735  0.269  2.795  0.913  0.198
 34     N   5.0  4.9098       0.735  0.269  2.795  0.913  0.198
 35     N   5.0  4.9126       0.738  0.270  2.798  0.912  0.195
 36     N   5.0  4.9114       0.738  0.270  2.797  0.912  0.195
 37     N   5.0  4.9071       0.735  0.269  2.793  0.913  0.197
 38     N   5.0  4.9079       0.735  0.268  2.795  0.913  0.197
 39     N   5.0  4.9129       0.738  0.270  2.797  0.912  0.195
 40     N   5.0  4.9132       0.737  0.270  2.799  0.912  0.196
 41     N   5.0  4.9105       0.736  0.269  2.795  0.912  0.199
 42     N   5.0  4.9112       0.736  0.269  2.795  0.913  0.198
 43     C   4.0  4.0657       0.532  0.245  2.110  0.674  0.504
 44     C   4.0  4.0657       0.532  0.245  2.110  0.674  0.504
 45     C   4.0  4.1042       0.524  0.213  1.968  0.608  0.792
 46     C   4.0  4.0845       0.525  0.254  2.121  0.724  0.460
 47     C   4.0  4.0674       0.532  0.245  2.110  0.675  0.505
 48     C   4.0  4.0673       0.532  0.244  2.111  0.675  0.505
 49     C   4.0  4.0880       0.521  0.213  1.955  0.608  0.791
 50     C   4.0  4.0839       0.525  0.254  2.122  0.724  0.459
 51     C   4.0  4.0657       0.532  0.245  2.110  0.675  0.504
 52     C   4.0  4.0646       0.532  0.244  2.110  0.675  0.503
 53     C   4.0  4.1005       0.525  0.213  1.965  0.606  0.792
 54     C   4.0  4.0830       0.525  0.254  2.121  0.724  0.460
 55     C   4.0  4.0651       0.532  0.245  2.109  0.675  0.504
 56     C   4.0  4.0654       0.532  0.245  2.110  0.675  0.504
 57     C   4.0  4.0828       0.521  0.213  1.949  0.609  0.791
 58     C   4.0  4.0654       0.532  0.245  2.110  0.675  0.504
 59     C   4.0  4.0651       0.532  0.245  2.109  0.675  0.504
 60     C   4.0  4.0857       0.525  0.253  2.123  0.723  0.461
 61     C   4.0  4.0980       0.523  0.213  1.964  0.607  0.791
 62     C   4.0  4.0646       0.532  0.244  2.110  0.675  0.504
 63     C   4.0  4.0657       0.532  0.245  2.110  0.675  0.504
 64     C   4.0  4.0850       0.525  0.254  2.121  0.724  0.460
 65     C   4.0  4.0947       0.522  0.213  1.959  0.609  0.792
 66     C   4.0  4.0673       0.532  0.244  2.111  0.675  0.505
 67     C   4.0  4.0674       0.532  0.245  2.110  0.675  0.505
 68     C   4.0  4.0848       0.525  0.253  2.122  0.724  0.461
 69     C   4.0  4.0991       0.525  0.213  1.964  0.606  0.791
 70     C   4.0  4.0851       0.525  0.254  2.121  0.724  0.460
 71     C   4.0  4.0983       0.523  0.213  1.964  0.607  0.791
 72     C   4.0  4.0837       0.525  0.254  2.121  0.724  0.460
 73     C   4.0  4.0948       0.522  0.213  1.959  0.609  0.792
 74     C   4.0  4.0848       0.525  0.253  2.122  0.724  0.461
 75     C   4.0  4.0858       0.525  0.253  2.123  0.723  0.461
 76     C   4.0  4.1039       0.524  0.213  1.968  0.608  0.792
 77     C   4.0  4.0995       0.525  0.213  1.965  0.606  0.791
 78     C   4.0  4.0837       0.525  0.254  2.121  0.724  0.459
 79     C   4.0  4.0845       0.525  0.254  2.121  0.724  0.460
 80     C   4.0  4.0877       0.521  0.213  1.954  0.608  0.791
 81     C   4.0  4.0829       0.521  0.213  1.949  0.609  0.791
 82     C   4.0  4.0829       0.525  0.254  2.121  0.724  0.459
 83     C   4.0  4.0838       0.525  0.254  2.122  0.724  0.459
 84     C   4.0  4.1002       0.525  0.213  1.964  0.606  0.792
 85     H   1.0  0.9600       0.680  0.146  0.134
 86     H   1.0  0.9279       0.662  0.137  0.129
 87     H   1.0  0.9283       0.662  0.137  0.129
 88     H   1.0  0.9559       0.681  0.143  0.132
 89     H   1.0  0.9551       0.680  0.143  0.132
 90     H   1.0  0.9558       0.681  0.143  0.132
 91     H   1.0  0.9563       0.681  0.143  0.132
 92     H   1.0  0.9279       0.662  0.137  0.129
 93     H   1.0  0.9281       0.662  0.137  0.129
 94     H   1.0  0.9560       0.680  0.143  0.132
 95     H   1.0  0.9568       0.681  0.144  0.133
 96     H   1.0  0.9288       0.662  0.137  0.130
 97     H   1.0  0.9286       0.662  0.137  0.129
 98     H   1.0  0.9281       0.662  0.137  0.129
 99     H   1.0  0.9278       0.662  0.137  0.129
100     H   1.0  0.9566       0.681  0.143  0.133
101     H   1.0  0.9558       0.681  0.143  0.132
102     H   1.0  0.9598       0.680  0.146  0.134
103     H   1.0  0.9559       0.680  0.143  0.132
104     H   1.0  0.9600       0.680  0.146  0.134
105     H   1.0  0.9286       0.662  0.137  0.129
106     H   1.0  0.9591       0.680  0.146  0.134
107     H   1.0  0.9566       0.681  0.143  0.133
108     H   1.0  0.9590       0.680  0.146  0.134
109     H   1.0  0.9278       0.662  0.137  0.129
110     H   1.0  0.9586       0.680  0.145  0.134
111     H   1.0  0.9568       0.681  0.144  0.133
112     H   1.0  0.9587       0.680  0.146  0.134
113     H   1.0  0.9288       0.662  0.137  0.130
114     H   1.0  0.9587       0.680  0.146  0.134
115     H   1.0  0.9279       0.662  0.137  0.129
116     H   1.0  0.9586       0.680  0.145  0.134
117     H   1.0  0.9551       0.680  0.143  0.132
118     H   1.0  0.9590       0.680  0.146  0.134
119     H   1.0  0.9559       0.681  0.143  0.132
120     H   1.0  0.9591       0.680  0.146  0.134
121     H   1.0  0.9283       0.662  0.137  0.129
122     H   1.0  0.9600       0.680  0.146  0.134
123     H   1.0  0.9279       0.662  0.137  0.129
124     H   1.0  0.9599       0.680  0.146  0.134
125     H   1.0  0.9563       0.681  0.143  0.132
126     H   1.0  0.9600       0.680  0.146  0.134
127     C   4.0  4.0282       0.526  0.241  2.152  0.742  0.367
128     C   4.0  4.0291       0.525  0.241  2.152  0.742  0.368
129     C   4.0  4.0281       0.526  0.241  2.152  0.742  0.367
130     C   4.0  4.0275       0.526  0.241  2.152  0.741  0.367
131     C   4.0  4.0274       0.526  0.241  2.152  0.741  0.367
132     C   4.0  4.0291       0.525  0.241  2.152  0.742  0.368
133     C   4.0  3.9996       0.542  0.235  2.086  0.689  0.447
134     C   4.0  3.9996       0.542  0.235  2.086  0.689  0.447
135     C   4.0  4.0772       0.531  0.250  2.197  0.797  0.302
136     C   4.0  4.0766       0.532  0.249  2.199  0.793  0.303
137     C   4.0  4.0774       0.532  0.250  2.198  0.796  0.302
138     C   4.0  4.0774       0.532  0.250  2.198  0.796  0.302
139     C   4.0  4.0766       0.532  0.249  2.199  0.793  0.303
140     C   4.0  4.0773       0.531  0.250  2.197  0.797  0.302
141     C   4.0  4.0620       0.546  0.265  2.195  0.813  0.243
142     C   4.0  4.0624       0.546  0.265  2.196  0.812  0.243
143     C   4.0  4.0624       0.546  0.265  2.196  0.812  0.244
144     C   4.0  4.0620       0.546  0.265  2.195  0.813  0.243
145     C   4.0  4.0639       0.546  0.264  2.195  0.815  0.244
146     C   4.0  4.0640       0.546  0.264  2.195  0.815  0.244
147     N   5.0  4.7737       0.755  0.267  2.644  0.869  0.239
148     N   5.0  4.7737       0.755  0.267  2.644  0.869  0.239
149     H   1.0  0.9522       0.670  0.148  0.135
150     H   1.0  0.9521       0.670  0.148  0.134
151     H   1.0  0.9518       0.670  0.148  0.134
152     H   1.0  0.9523       0.669  0.149  0.134
153     H   1.0  0.9523       0.669  0.149  0.134
154     H   1.0  0.9519       0.670  0.148  0.134
155     H   1.0  0.9566       0.662  0.149  0.146
156     H   1.0  0.9528       0.664  0.148  0.141
157     H   1.0  0.9570       0.662  0.148  0.147
158     H   1.0  0.9547       0.663  0.148  0.143
159     H   1.0  0.9544       0.663  0.150  0.141
160     H   1.0  0.9551       0.662  0.146  0.146
161     H   1.0  0.9571       0.662  0.148  0.147
162     H   1.0  0.9546       0.663  0.148  0.143
163     H   1.0  0.9566       0.662  0.149  0.146
164     H   1.0  0.9529       0.664  0.148  0.141
165     H   1.0  0.9543       0.663  0.150  0.141
166     H   1.0  0.9550       0.663  0.146  0.146
167     H   1.0  0.9458       0.653  0.144  0.149
168     H   1.0  0.9395       0.656  0.141  0.143
169     H   1.0  0.9426       0.655  0.145  0.143
170     H   1.0  0.9382       0.656  0.142  0.140
171     H   1.0  0.9466       0.654  0.143  0.150
172     H   1.0  0.9407       0.657  0.142  0.142
173     H   1.0  0.9467       0.654  0.143  0.150
174     H   1.0  0.9407       0.656  0.142  0.142
175     H   1.0  0.9458       0.653  0.144  0.149
176     H   1.0  0.9396       0.656  0.141  0.143
177     H   1.0  0.9426       0.655  0.145  0.143
178     H   1.0  0.9381       0.656  0.142  0.140
179     H   1.0  0.9492       0.668  0.137  0.144
180     H   1.0  0.9490       0.668  0.137  0.144
181     H   1.0  0.9490       0.668  0.137  0.144
182     H   1.0  0.9492       0.668  0.137  0.144
183     H   1.0  0.9487       0.668  0.137  0.143
184     H   1.0  0.9487       0.668  0.137  0.143
 CT cal  -1.26830808864906        1.27010321803391     
 largest Wiberg (=(PS)*(SP)) bond orders for each atom
           total WBO             WBO to atom > 0.05 ...
     1  O   2.023    C   61 1.892
     2  O   2.032    C   65 1.891
     3  O   2.019    C   69 1.895
     4  O   2.034    C   57 1.893
     5  O   2.016    C   53 1.894
     6  O   2.027    C   49 1.892
     7  O   2.020    C   45 1.888
     8  O   2.023    C   71 1.893
     9  O   2.020    C   76 1.888
    10  O   2.027    C   80 1.892
    11  O   2.016    C   84 1.894
    12  O   2.034    C   81 1.893
    13  O   2.019    C   77 1.895
    14  O   2.032    C   73 1.891
    15  N   3.320    C   61 1.185    C   43 1.086    C   60 1.060
    16  N   3.319    C   61 1.188    C   44 1.085    C   64 1.056
    17  N   3.324    C   65 1.185    C   47 1.088    C   64 1.061
    18  N   3.328    C   65 1.185    C   48 1.089    C   68 1.063
    19  N   3.316    C   69 1.194    C   51 1.083    C   68 1.055
    20  N   3.312    C   69 1.193    C   52 1.082    C   72 1.052
    21  N   3.324    C   57 1.182    C   55 1.090    C   72 1.065
    22  N   3.324    C   57 1.182    C   56 1.090    C   54 1.064
    23  N   3.317    C   53 1.198    C   58 1.082    C   54 1.052
    24  N   3.312    C   53 1.195    C   59 1.081    C   50 1.053
    25  N   3.322    C   49 1.182    C   62 1.088    C   50 1.063
    26  N   3.322    C   49 1.183    C   63 1.088    C   46 1.062
    27  N   3.322    C   45 1.192    C   66 1.084    C   46 1.055
    28  N   3.324    C   45 1.192    C   67 1.084    C   60 1.058
    29  N   3.320    C   71 1.188    C   43 1.085    C   70 1.056
    30  N   3.321    C   71 1.186    C   44 1.086    C   75 1.060
    31  N   3.324    C   76 1.191    C   47 1.085    C   75 1.059
    32  N   3.322    C   76 1.192    C   48 1.084    C   79 1.055
    33  N   3.322    C   80 1.183    C   51 1.088    C   79 1.062
    34  N   3.322    C   80 1.182    C   52 1.088    C   83 1.063
    35  N   3.312    C   84 1.195    C   55 1.081    C   83 1.053
    36  N   3.316    C   84 1.198    C   56 1.082    C   82 1.052
    37  N   3.323    C   81 1.182    C   58 1.090    C   82 1.064
    38  N   3.323    C   81 1.182    C   59 1.090    C   78 1.064
    39  N   3.312    C   77 1.193    C   62 1.082    C   78 1.052
    40  N   3.316    C   77 1.194    C   63 1.083    C   74 1.054
    41  N   3.328    C   73 1.184    C   66 1.089    C   74 1.063
    42  N   3.325    C   73 1.185    C   67 1.088    C   70 1.061
    43  C   4.243    N   15 1.086    N   29 1.085    C   44 1.034    H   85 0.981
    44  C   4.243    N   30 1.086    N   16 1.085    C   43 1.034    H  126 0.981
    45  C   4.292    O    7 1.888    N   27 1.192    N   28 1.192
    46  C   4.137    N   26 1.062    N   27 1.055    H  125 0.993    H  123 0.974
    47  C   4.245    N   17 1.088    N   31 1.085    C   48 1.034    H  124 0.981
    48  C   4.245    N   18 1.089    N   32 1.084    C   47 1.034    H  122 0.981
    49  C   4.273    O    6 1.892    N   26 1.183    N   25 1.182
    50  C   4.134    N   25 1.063    N   24 1.053    H  119 0.993    H  121 0.975
    51  C   4.242    N   33 1.088    N   19 1.083    C   52 1.034    H  120 0.981
    52  C   4.241    N   34 1.088    N   20 1.082    C   51 1.034    H  118 0.981
    53  C   4.295    O    5 1.894    N   23 1.198    N   24 1.195
    54  C   4.135    N   22 1.064    N   23 1.052    H  117 0.993    H  115 0.974
    55  C   4.242    N   21 1.090    N   35 1.081    C   56 1.034    H  116 0.981
    56  C   4.242    N   22 1.090    N   36 1.082    C   55 1.034    H  114 0.981
    57  C   4.268    O    4 1.893    N   21 1.182    N   22 1.182
    58  C   4.242    N   37 1.090    N   23 1.082    C   59 1.034    H  112 0.981
    59  C   4.242    N   38 1.090    N   24 1.081    C   58 1.034    H  110 0.981
    60  C   4.137    N   15 1.060    N   28 1.058    H  111 0.992    H  113 0.975
    61  C   4.283    O    1 1.892    N   16 1.188    N   15 1.185
    62  C   4.241    N   25 1.088    N   39 1.082    C   63 1.034    H  108 0.981
    63  C   4.242    N   26 1.088    N   40 1.083    C   62 1.034    H  106 0.981
    64  C   4.137    N   17 1.061    N   16 1.056    H  107 0.993    H  109 0.974
    65  C   4.279    O    2 1.891    N   17 1.185    N   18 1.185
    66  C   4.245    N   41 1.089    N   27 1.084    C   67 1.034    H  104 0.981
    67  C   4.245    N   42 1.088    N   28 1.084    C   66 1.034    H  102 0.981
    68  C   4.137    N   18 1.063    N   19 1.055    H  103 0.993    H  105 0.975
    69  C   4.290    O    3 1.895    N   19 1.194    N   20 1.193
    70  C   4.137    N   42 1.061    N   29 1.056    H  100 0.993    H   99 0.974
    71  C   4.284    O    8 1.893    N   29 1.188    N   30 1.186
    72  C   4.135    N   21 1.065    N   20 1.052    H  101 0.993    H   98 0.974
    73  C   4.278    O   14 1.891    N   42 1.185    N   41 1.184
    74  C   4.137    N   41 1.063    N   40 1.054    H   94 0.993    H   97 0.975
    75  C   4.137    N   30 1.060    N   31 1.059    H   95 0.992    H   96 0.975
    76  C   4.292    O    9 1.888    N   32 1.192    N   31 1.191
    77  C   4.291    O   13 1.895    N   40 1.194    N   39 1.193
    78  C   4.135    N   38 1.064    N   39 1.052    H   90 0.993    H   93 0.974
    79  C   4.137    N   33 1.062    N   32 1.055    H   91 0.993    H   92 0.974
    80  C   4.272    O   10 1.892    N   33 1.183    N   34 1.182
    81  C   4.268    O   12 1.893    N   37 1.182    N   38 1.182
    82  C   4.135    N   37 1.064    N   36 1.052    H   89 0.993    H   86 0.974
    83  C   4.134    N   34 1.063    N   35 1.053    H   88 0.993    H   87 0.975
    84  C   4.294    O   11 1.894    N   36 1.198    N   35 1.195
    85  H   1.017    C   43 0.981
    86  H   0.952    C   82 0.974
    87  H   0.953    C   83 0.975
    88  H   1.014    C   83 0.993
    89  H   1.013    C   82 0.993
    90  H   1.014    C   78 0.993
    91  H   1.015    C   79 0.993
    92  H   0.952    C   79 0.974
    93  H   0.953    C   78 0.974
    94  H   1.015    C   74 0.993
    95  H   1.016    C   75 0.992
    96  H   0.954    C   75 0.975
    97  H   0.953    C   74 0.975
    98  H   0.953    C   72 0.974
    99  H   0.952    C   70 0.974
   100  H   1.016    C   70 0.993
   101  H   1.014    C   72 0.993
   102  H   1.017    C   67 0.981
   103  H   1.015    C   68 0.993
   104  H   1.017    C   66 0.981
   105  H   0.953    C   68 0.975
   106  H   1.015    C   63 0.981
   107  H   1.016    C   64 0.993
   108  H   1.015    C   62 0.981
   109  H   0.952    C   64 0.974
   110  H   1.014    C   59 0.981
   111  H   1.016    C   60 0.992
   112  H   1.014    C   58 0.981
   113  H   0.954    C   60 0.975
   114  H   1.014    C   56 0.981
   115  H   0.952    C   54 0.974
   116  H   1.014    C   55 0.981
   117  H   1.013    C   54 0.993
   118  H   1.015    C   52 0.981
   119  H   1.014    C   50 0.993
   120  H   1.015    C   51 0.981
   121  H   0.953    C   50 0.975
   122  H   1.017    C   48 0.981
   123  H   0.952    C   46 0.974
   124  H   1.017    C   47 0.981
   125  H   1.015    C   46 0.993
   126  H   1.017    C   44 0.981
   127  C   4.016    C  137 1.019    C  132 1.012    C  130 1.011    H  149 0.945
   128  C   4.016    C  139 1.019    C  129 1.012    C  132 1.010    H  153 0.944
   129  C   4.016    C  138 1.019    C  128 1.012    C  131 1.011    H  150 0.945
   130  C   4.017    C  140 1.018    C  131 1.013    C  127 1.011    H  154 0.946
   131  C   4.017    C  135 1.018    C  130 1.013    C  129 1.011    H  151 0.946
   132  C   4.016    C  136 1.019    C  127 1.012    C  128 1.010    H  152 0.944
   133  C   4.127    C  140 1.058    C  138 1.057    C  136 1.057    N  147 0.854
   134  C   4.127    C  135 1.058    C  137 1.058    C  139 1.057    N  148 0.854
   135  C   3.980    C  134 1.058    C  131 1.018    H  162 0.956    H  159 0.955
   136  C   3.980    C  133 1.057    C  132 1.019    H  160 0.958    H  161 0.956
   137  C   3.981    C  134 1.058    C  127 1.019    H  164 0.957    H  155 0.955
   138  C   3.980    C  133 1.057    C  129 1.019    H  156 0.957    H  163 0.955
   139  C   3.980    C  134 1.057    C  128 1.019    H  166 0.958    H  157 0.956
   140  C   3.980    C  133 1.058    C  130 1.018    H  158 0.956    H  165 0.955
   141  C   3.877    H  179 1.005    H  174 0.978    H  167 0.970    N  148 0.964
   142  C   3.878    H  180 1.005    H  168 0.976    H  173 0.972    N  147 0.965
   143  C   3.878    H  181 1.005    H  176 0.976    H  171 0.972    N  148 0.965
   144  C   3.877    H  182 1.005    H  172 0.978    H  175 0.970    N  147 0.964
   145  C   3.880    H  183 1.004    H  178 0.977    H  169 0.972    N  148 0.966
   146  C   3.880    H  184 1.004    H  170 0.977    H  177 0.972    N  147 0.966
   147  N   3.759    C  146 0.966    C  142 0.965    C  144 0.964    C  133 0.854
   148  N   3.759    C  145 0.966    C  143 0.965    C  141 0.964    C  134 0.854
   149  H   0.963    C  127 0.945
   150  H   0.962    C  129 0.945
   151  H   0.960    C  131 0.946
   152  H   0.965    C  132 0.944
   153  H   0.965    C  128 0.944
   154  H   0.960    C  130 0.946
   155  H   0.944    C  137 0.955
   156  H   0.938    C  138 0.957
   157  H   0.942    C  139 0.956
   158  H   0.937    C  140 0.956
   159  H   0.944    C  135 0.955
   160  H   0.937    C  136 0.958
   161  H   0.943    C  136 0.956
   162  H   0.937    C  135 0.956
   163  H   0.944    C  138 0.955
   164  H   0.938    C  137 0.957
   165  H   0.944    C  140 0.955
   166  H   0.937    C  139 0.958
   167  H   0.956    C  141 0.970
   168  H   0.968    C  142 0.976
   169  H   0.958    C  145 0.972
   170  H   0.970    C  146 0.977
   171  H   0.956    C  143 0.972
   172  H   0.969    C  144 0.978
   173  H   0.956    C  142 0.972
   174  H   0.969    C  141 0.978
   175  H   0.956    C  144 0.970
   176  H   0.968    C  143 0.976
   177  H   0.958    C  146 0.972
   178  H   0.971    C  145 0.977
   179  H   1.021    C  141 1.005
   180  H   1.021    C  142 1.005
   181  H   1.021    C  143 1.005
   182  H   1.022    C  144 1.005
   183  H   1.021    C  145 1.004
   184  H   1.021    C  146 1.004
dipole moment  X         Y          Z
        1.031904        0.028173       -0.027030  total     (au/Debye)      :     1.0326     2.6248
second moment  X^2       Y^2        Z^2
      375.876172      376.040979      531.478644  average   (au)            :   427.7986
cpu  time for all    4 m 13.4 s
wall time for all    0 m  7.0 s
