 
       ==============================================
       |                 P T B                      |
       |                S.Grimme                    |
       |          Universitaet Bonn, MCTC           |
       ==============================================
       Version 3.7, Do 28. Apr 14:28:45 CEST 2022
 
       Cite work conducted with this code as
       S. Grimme, M. Mueller, A. Hansen, unpublished.
 
 filter  1.000000000000000E-005
 ../../../../.atompara                                                                                                                                                                                                                                           
          =========================
          reading ... ../../../../systems/eugenol_cluster.xyz
          =========================
 basis read done.
 ncao                   3648
 nsao                   3456
 npr                    9600
 basis setup done. Ndim                  3456
 coreat                    192
 cncao                     192
 cnsao                     192
 cnpr                     1152
 
 nalpha                    512
 nbeta                     512
 ntotal                   1024
 nopen                       0
cpu  time for startup and initial S    1.19 s
wall time for startup and initial S    1.00 s
               -----------------------
               |      PTB  model      |
               | SG, MM, AH 2020-2022 |
               -----------------------
 prop :                     1
 PA setup with Mull-Loew partitioning   0.333333 ...
 done.
EEQ done. sum q :    0.000
    atom   Zeff  qEEQ  mod   srCN   noHCN   CN(EEQ)
    1    8  6.0    -0.008   2.129   0.316   1.992
    2    8  6.0    -0.044   2.107   0.211   1.991
    3    6  4.0    -0.040   3.727   0.298   3.026
    4    6  4.0    -0.029   3.855   0.135   3.989
    5    6  4.0    -0.070   3.750   0.237   3.032
    6    6  4.0    -0.043   3.739   0.399   3.045
    7    6  4.0    -0.072   3.447   0.240   3.033
    8    6  4.0    -0.043   3.638   0.400   3.031
    9    6  4.0    -0.074   3.409   0.242   3.024
   10    6  4.0    -0.089   3.071   0.228   2.993
   11    6  4.0    -0.077   3.489   0.154   3.996
   12    6  4.0    -0.120   2.877   0.167   2.994
   13    1  1.0     0.055   0.942   0.003   0.993
   14    1  1.0     0.047   0.938   0.003   0.993
   15    1  1.0     0.067   0.937   0.003   0.995
   16    1  1.0     0.060   0.919   0.003   0.995
   17    1  1.0     0.058   0.916   0.003   0.995
   18    1  1.0     0.078   0.931   0.003   0.995
   19    1  1.0     0.050   0.794   0.003   0.994
   20    1  1.0     0.048   0.796   0.003   0.994
   21    1  1.0     0.042   0.802   0.003   0.994
   22    1  1.0     0.054   0.992   0.040   0.994
   23    1  1.0     0.069   0.853   0.003   0.995
   24    1  1.0     0.073   0.864   0.003   0.995
   25    8  6.0    -0.006   2.120   0.320   1.993
   26    8  6.0    -0.037   2.140   0.215   1.991
   27    6  4.0    -0.040   3.751   0.298   3.028
   28    6  4.0    -0.029   3.813   0.133   3.988
   29    6  4.0    -0.070   3.672   0.237   3.031
   30    6  4.0    -0.039   3.677   0.397   3.045
   31    6  4.0    -0.069   3.516   0.242   3.033
   32    6  4.0    -0.040   3.574   0.404   3.029
   33    6  4.0    -0.070   3.479   0.242   3.027
   34    6  4.0    -0.087   3.030   0.227   2.994
   35    6  4.0    -0.078   3.433   0.158   3.995
   36    6  4.0    -0.120   2.882   0.167   2.994
   37    1  1.0     0.040   0.915   0.003   0.993
   38    1  1.0     0.050   0.921   0.003   0.993
   39    1  1.0     0.060   0.932   0.003   0.995
   40    1  1.0     0.075   0.949   0.003   0.995
   41    1  1.0     0.065   0.921   0.003   0.995
   42    1  1.0     0.066   0.923   0.003   0.995
   43    1  1.0     0.040   0.802   0.003   0.994
   44    1  1.0     0.042   0.795   0.003   0.993
   45    1  1.0     0.041   0.791   0.003   0.993
   46    1  1.0     0.060   1.004   0.039   0.993
   47    1  1.0     0.070   0.858   0.003   0.995
   48    1  1.0     0.074   0.865   0.003   0.995
   49    8  6.0    -0.001   2.214   0.316   1.992
   50    8  6.0    -0.040   2.110   0.211   1.991
   51    6  4.0    -0.034   3.698   0.297   3.029
   52    6  4.0    -0.028   3.868   0.135   3.991
   53    6  4.0    -0.062   3.735   0.239   3.032
   54    6  4.0    -0.032   3.847   0.398   3.050
   55    6  4.0    -0.066   3.533   0.240   3.033
   56    6  4.0    -0.036   3.679   0.402   3.031
   57    6  4.0    -0.069   3.442   0.243   3.026
   58    6  4.0    -0.092   3.063   0.230   2.995
   59    6  4.0    -0.075   3.610   0.156   3.998
   60    6  4.0    -0.125   2.712   0.167   2.995
   61    1  1.0     0.043   0.928   0.003   0.993
   62    1  1.0     0.055   0.940   0.003   0.994
   63    1  1.0     0.068   0.935   0.003   0.995
   64    1  1.0     0.066   0.929   0.003   0.995
   65    1  1.0     0.060   0.916   0.003   0.995
   66    1  1.0     0.064   0.916   0.003   0.995
   67    1  1.0     0.053   0.808   0.003   0.994
   68    1  1.0     0.057   0.814   0.003   0.994
   69    1  1.0     0.057   0.799   0.003   0.993
   70    1  1.0     0.058   1.006   0.040   0.993
   71    1  1.0     0.061   0.846   0.003   0.995
   72    1  1.0     0.064   0.855   0.003   0.995
   73    8  6.0    -0.009   2.191   0.315   1.992
   74    8  6.0    -0.033   2.034   0.222   1.992
   75    6  4.0    -0.038   3.693   0.297   3.031
   76    6  4.0    -0.030   3.817   0.132   3.989
   77    6  4.0    -0.069   3.718   0.238   3.031
   78    6  4.0    -0.038   3.738   0.394   3.045
   79    6  4.0    -0.065   3.534   0.242   3.032
   80    6  4.0    -0.036   3.632   0.410   3.027
   81    6  4.0    -0.065   3.501   0.241   3.027
   82    6  4.0    -0.089   3.040   0.229   2.997
   83    6  4.0    -0.078   3.439   0.156   3.993
   84    6  4.0    -0.124   2.736   0.167   2.995
   85    1  1.0     0.041   0.911   0.003   0.993
   86    1  1.0     0.044   0.931   0.003   0.994
   87    1  1.0     0.059   0.936   0.003   0.995
   88    1  1.0     0.068   0.925   0.003   0.995
   89    1  1.0     0.069   0.919   0.003   0.995
   90    1  1.0     0.061   0.915   0.003   0.995
   91    1  1.0     0.039   0.792   0.003   0.993
   92    1  1.0     0.041   0.788   0.002   0.993
   93    1  1.0     0.039   0.802   0.003   0.994
   94    1  1.0     0.056   1.019   0.038   0.993
   95    1  1.0     0.061   0.847   0.003   0.995
   96    1  1.0     0.064   0.853   0.003   0.995
   97    8  6.0    -0.005   2.150   0.319   1.993
   98    8  6.0    -0.037   2.194   0.214   1.992
   99    6  4.0    -0.037   3.704   0.297   3.033
  100    6  4.0    -0.028   3.839   0.134   3.990
  101    6  4.0    -0.065   3.775   0.238   3.032
  102    6  4.0    -0.035   3.813   0.399   3.046
  103    6  4.0    -0.066   3.501   0.241   3.033
  104    6  4.0    -0.035   3.718   0.403   3.032
  105    6  4.0    -0.067   3.470   0.243   3.025
  106    6  4.0    -0.089   3.080   0.229   2.998
  107    6  4.0    -0.077   3.451   0.157   3.996
  108    6  4.0    -0.125   2.708   0.167   2.995
  109    1  1.0     0.048   0.925   0.003   0.994
  110    1  1.0     0.045   0.921   0.003   0.994
  111    1  1.0     0.065   0.936   0.003   0.995
  112    1  1.0     0.069   0.926   0.003   0.995
  113    1  1.0     0.065   0.918   0.003   0.995
  114    1  1.0     0.076   0.927   0.003   0.995
  115    1  1.0     0.038   0.803   0.003   0.994
  116    1  1.0     0.047   0.798   0.003   0.993
  117    1  1.0     0.039   0.791   0.003   0.993
  118    1  1.0     0.055   0.977   0.041   0.994
  119    1  1.0     0.061   0.846   0.003   0.995
  120    1  1.0     0.062   0.852   0.003   0.995
  121    8  6.0    -0.014   2.187   0.302   1.989
  122    8  6.0    -0.039   2.135   0.215   1.991
  123    6  4.0    -0.040   3.671   0.298   3.030
  124    6  4.0    -0.029   3.825   0.134   3.989
  125    6  4.0    -0.069   3.695   0.239   3.032
  126    6  4.0    -0.041   3.687   0.389   3.043
  127    6  4.0    -0.064   3.567   0.243   3.033
  128    6  4.0    -0.041   3.593   0.404   3.028
  129    6  4.0    -0.067   3.487   0.242   3.028
  130    6  4.0    -0.092   3.086   0.229   2.996
  131    6  4.0    -0.079   3.481   0.150   3.991
  132    6  4.0    -0.126   2.722   0.167   2.994
  133    1  1.0     0.045   0.915   0.003   0.993
  134    1  1.0     0.049   0.924   0.003   0.993
  135    1  1.0     0.065   0.938   0.003   0.995
  136    1  1.0     0.073   0.936   0.003   0.995
  137    1  1.0     0.073   0.926   0.003   0.995
  138    1  1.0     0.065   0.924   0.003   0.995
  139    1  1.0     0.043   0.792   0.003   0.993
  140    1  1.0     0.044   0.793   0.003   0.994
  141    1  1.0     0.039   0.800   0.003   0.994
  142    1  1.0     0.059   1.020   0.038   0.993
  143    1  1.0     0.058   0.847   0.003   0.995
  144    1  1.0     0.060   0.851   0.003   0.995
  145    8  6.0    -0.010   2.213   0.312   1.991
  146    8  6.0    -0.035   2.002   0.220   1.992
  147    6  4.0    -0.040   3.664   0.297   3.032
  148    6  4.0    -0.029   3.816   0.133   3.990
  149    6  4.0    -0.071   3.651   0.238   3.030
  150    6  4.0    -0.041   3.674   0.391   3.044
  151    6  4.0    -0.069   3.480   0.241   3.032
  152    6  4.0    -0.041   3.554   0.406   3.027
  153    6  4.0    -0.070   3.399   0.241   3.027
  154    6  4.0    -0.089   3.030   0.228   2.997
  155    6  4.0    -0.078   3.447   0.156   3.992
  156    6  4.0    -0.124   2.726   0.167   2.995
  157    1  1.0     0.044   0.920   0.003   0.993
  158    1  1.0     0.044   0.922   0.003   0.994
  159    1  1.0     0.060   0.932   0.003   0.995
  160    1  1.0     0.065   0.926   0.003   0.995
  161    1  1.0     0.064   0.918   0.003   0.995
  162    1  1.0     0.068   0.918   0.003   0.995
  163    1  1.0     0.041   0.793   0.003   0.993
  164    1  1.0     0.042   0.792   0.003   0.993
  165    1  1.0     0.043   0.802   0.003   0.994
  166    1  1.0     0.057   1.017   0.039   0.993
  167    1  1.0     0.063   0.848   0.003   0.995
  168    1  1.0     0.062   0.852   0.003   0.995
  169    8  6.0    -0.004   2.058   0.323   1.994
  170    8  6.0    -0.036   2.056   0.213   1.991
  171    6  4.0    -0.041   3.656   0.299   3.028
  172    6  4.0    -0.030   3.815   0.133   3.989
  173    6  4.0    -0.070   3.611   0.236   3.038
  174    6  4.0    -0.039   3.638   0.398   3.038
  175    6  4.0    -0.067   3.530   0.242   3.032
  176    6  4.0    -0.039   3.572   0.398   3.023
  177    6  4.0    -0.068   3.503   0.240   3.030
  178    6  4.0    -0.090   3.037   0.228   2.997
  179    6  4.0    -0.077   3.473   0.154   3.989
  180    6  4.0    -0.125   2.754   0.167   2.994
  181    1  1.0     0.048   0.924   0.003   0.994
  182    1  1.0     0.043   0.923   0.003   0.993
  183    1  1.0     0.063   0.927   0.003   0.995
  184    1  1.0     0.067   0.919   0.003   0.995
  185    1  1.0     0.072   0.941   0.003   0.995
  186    1  1.0     0.068   0.917   0.003   0.995
  187    1  1.0     0.044   0.793   0.003   0.994
  188    1  1.0     0.038   0.802   0.003   0.994
  189    1  1.0     0.048   0.800   0.003   0.994
  190    1  1.0     0.055   0.999   0.039   0.993
  191    1  1.0     0.061   0.848   0.003   0.995
  192    1  1.0     0.063   0.850   0.003   0.995
  193    8  6.0    -0.007   2.150   0.317   1.992
  194    8  6.0    -0.037   2.053   0.217   1.991
  195    6  4.0    -0.038   3.693   0.297   3.033
  196    6  4.0    -0.029   3.820   0.133   3.990
  197    6  4.0    -0.068   3.681   0.238   3.031
  198    6  4.0    -0.039   3.675   0.395   3.045
  199    6  4.0    -0.070   3.489   0.241   3.031
  200    6  4.0    -0.040   3.560   0.406   3.028
  201    6  4.0    -0.071   3.434   0.241   3.026
  202    6  4.0    -0.086   3.092   0.229   2.999
  203    6  4.0    -0.078   3.456   0.156   3.995
  204    6  4.0    -0.119   2.756   0.168   2.995
  205    1  1.0     0.044   0.923   0.003   0.994
  206    1  1.0     0.043   0.919   0.003   0.993
  207    1  1.0     0.062   0.936   0.003   0.995
  208    1  1.0     0.064   0.924   0.003   0.995
  209    1  1.0     0.068   0.918   0.003   0.995
  210    1  1.0     0.072   0.921   0.003   0.995
  211    1  1.0     0.043   0.797   0.003   0.993
  212    1  1.0     0.042   0.791   0.003   0.993
  213    1  1.0     0.039   0.803   0.003   0.994
  214    1  1.0     0.056   1.032   0.038   0.992
  215    1  1.0     0.069   0.848   0.003   0.995
  216    1  1.0     0.064   0.851   0.003   0.995
  217    8  6.0    -0.010   2.052   0.303   1.989
  218    8  6.0    -0.037   2.045   0.220   1.992
  219    6  4.0    -0.037   3.730   0.299   3.027
  220    6  4.0    -0.028   3.806   0.133   3.988
  221    6  4.0    -0.068   3.595   0.239   3.033
  222    6  4.0    -0.037   3.712   0.389   3.059
  223    6  4.0    -0.065   3.518   0.242   3.033
  224    6  4.0    -0.039   3.601   0.408   3.027
  225    6  4.0    -0.067   3.429   0.241   3.027
  226    6  4.0    -0.088   3.003   0.228   2.994
  227    6  4.0    -0.076   3.432   0.150   4.007
  228    6  4.0    -0.119   2.873   0.168   2.994
  229    1  1.0     0.042   0.919   0.003   0.993
  230    1  1.0     0.046   0.920   0.003   0.993
  231    1  1.0     0.064   0.922   0.003   0.995
  232    1  1.0     0.080   0.934   0.003   0.995
  233    1  1.0     0.067   0.917   0.003   0.995
  234    1  1.0     0.058   0.914   0.003   0.995
  235    1  1.0     0.053   0.798   0.003   0.993
  236    1  1.0     0.042   0.798   0.003   0.994
  237    1  1.0     0.044   0.789   0.002   0.993
  238    1  1.0     0.053   1.029   0.039   0.993
  239    1  1.0     0.063   0.849   0.003   0.995
  240    1  1.0     0.088   0.872   0.003   0.995
  241    8  6.0    -0.009   2.216   0.313   1.991
  242    8  6.0    -0.037   2.016   0.219   1.992
  243    6  4.0    -0.038   3.734   0.298   3.028
  244    6  4.0    -0.029   3.816   0.133   3.988
  245    6  4.0    -0.070   3.667   0.238   3.031
  246    6  4.0    -0.041   3.685   0.393   3.043
  247    6  4.0    -0.067   3.510   0.241   3.032
  248    6  4.0    -0.040   3.574   0.406   3.028
  249    6  4.0    -0.068   3.482   0.241   3.027
  250    6  4.0    -0.091   3.001   0.228   2.993
  251    6  4.0    -0.078   3.433   0.156   3.992
  252    6  4.0    -0.120   2.871   0.168   2.994
  253    1  1.0     0.045   0.923   0.003   0.993
  254    1  1.0     0.041   0.919   0.003   0.993
  255    1  1.0     0.060   0.933   0.003   0.995
  256    1  1.0     0.073   0.927   0.003   0.995
  257    1  1.0     0.073   0.936   0.003   0.995
  258    1  1.0     0.057   0.914   0.003   0.995
  259    1  1.0     0.043   0.792   0.003   0.993
  260    1  1.0     0.042   0.802   0.003   0.994
  261    1  1.0     0.040   0.791   0.003   0.993
  262    1  1.0     0.056   1.011   0.039   0.993
  263    1  1.0     0.064   0.850   0.003   0.995
  264    1  1.0     0.088   0.872   0.003   0.995
  265    8  6.0    -0.006   2.058   0.320   1.993
  266    8  6.0    -0.038   2.060   0.213   1.991
  267    6  4.0    -0.039   3.666   0.299   3.029
  268    6  4.0    -0.029   3.819   0.133   3.989
  269    6  4.0    -0.070   3.602   0.236   3.037
  270    6  4.0    -0.040   3.642   0.396   3.038
  271    6  4.0    -0.066   3.545   0.242   3.032
  272    6  4.0    -0.041   3.575   0.398   3.024
  273    6  4.0    -0.070   3.445   0.241   3.030
  274    6  4.0    -0.088   3.044   0.229   2.997
  275    6  4.0    -0.077   3.467   0.155   3.990
  276    6  4.0    -0.122   2.735   0.167   2.995
  277    1  1.0     0.043   0.918   0.003   0.994
  278    1  1.0     0.051   0.923   0.003   0.993
  279    1  1.0     0.062   0.926   0.003   0.995
  280    1  1.0     0.077   0.931   0.003   0.995
  281    1  1.0     0.066   0.937   0.003   0.995
  282    1  1.0     0.067   0.915   0.003   0.995
  283    1  1.0     0.042   0.793   0.003   0.993
  284    1  1.0     0.045   0.794   0.003   0.994
  285    1  1.0     0.038   0.802   0.003   0.994
  286    1  1.0     0.053   0.988   0.040   0.993
  287    1  1.0     0.064   0.847   0.003   0.995
  288    1  1.0     0.070   0.856   0.003   0.995
  289    8  6.0    -0.009   2.114   0.314   1.992
  290    8  6.0    -0.035   1.985   0.218   1.992
  291    6  4.0    -0.037   3.716   0.297   3.032
  292    6  4.0    -0.029   3.861   0.133   3.990
  293    6  4.0    -0.070   3.706   0.238   3.031
  294    6  4.0    -0.040   3.703   0.396   3.046
  295    6  4.0    -0.066   3.507   0.241   3.032
  296    6  4.0    -0.039   3.584   0.405   3.030
  297    6  4.0    -0.068   3.382   0.242   3.026
  298    6  4.0    -0.089   3.023   0.229   2.998
  299    6  4.0    -0.078   3.445   0.154   3.994
  300    6  4.0    -0.123   2.731   0.167   2.995
  301    1  1.0     0.055   0.921   0.003   0.993
  302    1  1.0     0.049   0.926   0.003   0.994
  303    1  1.0     0.062   0.940   0.003   0.995
  304    1  1.0     0.068   0.920   0.003   0.995
  305    1  1.0     0.064   0.916   0.003   0.995
  306    1  1.0     0.068   0.918   0.003   0.995
  307    1  1.0     0.043   0.795   0.003   0.994
  308    1  1.0     0.040   0.801   0.003   0.994
  309    1  1.0     0.041   0.792   0.003   0.993
  310    1  1.0     0.054   0.991   0.042   0.994
  311    1  1.0     0.065   0.847   0.003   0.995
  312    1  1.0     0.066   0.853   0.003   0.995
  313    8  6.0    -0.003   2.057   0.320   1.993
  314    8  6.0    -0.037   2.090   0.213   1.991
  315    6  4.0    -0.032   3.726   0.300   3.032
  316    6  4.0    -0.028   3.846   0.134   3.990
  317    6  4.0    -0.060   3.749   0.238   3.039
  318    6  4.0    -0.034   3.699   0.400   3.041
  319    6  4.0    -0.065   3.478   0.243   3.031
  320    6  4.0    -0.037   3.615   0.398   3.026
  321    6  4.0    -0.067   3.467   0.241   3.030
  322    6  4.0    -0.089   3.030   0.230   2.998
  323    6  4.0    -0.077   3.469   0.154   3.991
  324    6  4.0    -0.123   2.717   0.167   2.995
  325    1  1.0     0.044   0.919   0.003   0.993
  326    1  1.0     0.051   0.928   0.003   0.994
  327    1  1.0     0.075   0.941   0.003   0.995
  328    1  1.0     0.064   0.917   0.003   0.995
  329    1  1.0     0.065   0.918   0.003   0.995
  330    1  1.0     0.067   0.916   0.003   0.995
  331    1  1.0     0.048   0.793   0.003   0.993
  332    1  1.0     0.038   0.801   0.003   0.994
  333    1  1.0     0.045   0.796   0.003   0.994
  334    1  1.0     0.052   1.015   0.040   0.994
  335    1  1.0     0.062   0.848   0.003   0.995
  336    1  1.0     0.062   0.852   0.003   0.995
  337    8  6.0    -0.008   2.134   0.313   1.992
  338    8  6.0    -0.035   2.076   0.218   1.991
  339    6  4.0    -0.040   3.652   0.299   3.028
  340    6  4.0    -0.029   3.813   0.133   3.989
  341    6  4.0    -0.067   3.703   0.237   3.038
  342    6  4.0    -0.040   3.654   0.393   3.038
  343    6  4.0    -0.069   3.459   0.242   3.031
  344    6  4.0    -0.041   3.569   0.403   3.023
  345    6  4.0    -0.069   3.440   0.239   3.030
  346    6  4.0    -0.089   3.070   0.229   2.996
  347    6  4.0    -0.077   3.465   0.152   3.988
  348    6  4.0    -0.125   2.752   0.167   2.994
  349    1  1.0     0.049   0.924   0.003   0.993
  350    1  1.0     0.046   0.916   0.003   0.993
  351    1  1.0     0.071   0.942   0.003   0.995
  352    1  1.0     0.069   0.925   0.003   0.995
  353    1  1.0     0.072   0.932   0.003   0.995
  354    1  1.0     0.068   0.921   0.003   0.995
  355    1  1.0     0.041   0.801   0.003   0.994
  356    1  1.0     0.050   0.797   0.003   0.994
  357    1  1.0     0.046   0.793   0.003   0.994
  358    1  1.0     0.055   1.015   0.039   0.993
  359    1  1.0     0.065   0.849   0.003   0.995
  360    1  1.0     0.060   0.850   0.003   0.995
  361    8  6.0     0.003   2.172   0.320   1.993
  362    8  6.0    -0.035   1.994   0.221   1.993
  363    6  4.0    -0.040   3.704   0.296   3.032
  364    6  4.0    -0.030   3.881   0.133   3.990
  365    6  4.0    -0.070   3.710   0.237   3.029
  366    6  4.0    -0.036   3.772   0.398   3.048
  367    6  4.0    -0.069   3.458   0.241   3.032
  368    6  4.0    -0.039   3.607   0.407   3.030
  369    6  4.0    -0.070   3.365   0.242   3.025
  370    6  4.0    -0.087   3.067   0.229   2.998
  371    6  4.0    -0.075   3.551   0.157   3.997
  372    6  4.0    -0.123   2.734   0.168   2.995
  373    1  1.0     0.059   0.935   0.003   0.994
  374    1  1.0     0.053   0.937   0.003   0.994
  375    1  1.0     0.072   0.934   0.003   0.995
  376    1  1.0     0.064   0.920   0.003   0.995
  377    1  1.0     0.063   0.916   0.003   0.995
  378    1  1.0     0.067   0.920   0.003   0.995
  379    1  1.0     0.058   0.818   0.003   0.994
  380    1  1.0     0.050   0.801   0.003   0.993
  381    1  1.0     0.054   0.807   0.003   0.993
  382    1  1.0     0.057   0.998   0.041   0.994
  383    1  1.0     0.062   0.848   0.003   0.995
  384    1  1.0     0.071   0.860   0.003   0.995
 computing Vecp ...
 PTB H matrix iteration                      1  done. Now solving ...
 S before filtering:
   dimension                                    3456
   nonzero elements                          4775648
   sparsity                     0.399838713134431     
   average elements per column                  1381
 S after filtering:
   dimension                                    3456
   nonzero elements                          2504860
   sparsity                     0.209718136466907     
   average elements per column                   724
 H before filtering:
   dimension                                    3456
   nonzero elements                         12051572
   sparsity                      1.00901176965449     
   average elements per column                  3487
 H after filtering:
   dimension                                    3456
   nonzero elements                          5388732
   sparsity                     0.451168860918210     
   average elements per column                  1559

Total solve2                                   5.888668060 sec
* sygvd solver                                 5.655631065 sec

nel: 1024, nel_calc:      1024.00000000
 nel in P=   1024.00000000000      required nel=                  1024
 idempotency deviation  1.038253426917553E-012  9.999999747378752E-005
 Stupid simple implementation of the submatrix method:                     2                     2
 number of submatrices=                   384
 average sm dim=                  1900
 effort for full matrix ops=   41278242816.0000     
 sums of efforts for submatrices=   3171246874465.00     
 ratio   76.8261112422107     
 muiter                     1 mu  0.000000000000000E+000   2331.34442956078      of                  1024
 muiter                     2 mu  -5.00000000000000       0.000000000000000E+000 of                  1024
 muiter                     3 mu  -2.50000000000000        462.684977711432      of                  1024
 muiter                     4 mu  -1.25000000000000        1223.16827886814      of                  1024
 muiter                     5 mu  -1.87500000000000        1023.89989513538      of                  1024
 muiter                     6 mu  -1.56250000000000        1024.05379433858      of                  1024
 muiter                     7 mu  -1.71875000000000        1024.00172274188      of                  1024
 muiter                     8 mu  -1.79687500000000        1023.99778546787      of                  1024
 muiter                     9 mu  -1.75781250000000        1024.00061435476      of                  1024
 muiter                    10 mu  -1.77734375000000        1023.99935780078      of                  1024
 muiter                    11 mu  -1.76757812500000        1023.99992202043      of                  1024
 muiter                    12 mu  -1.76269531250000        1024.00048490721      of                  1024
 muiter                    13 mu  -1.76513671875000        1023.99998878949      of                  1024
 muiter                    14 mu  -1.76391601562500        1024.00045785300      of                  1024
 muiter                    15 mu  -1.76452636718750        1024.00001618732      of                  1024
 muiter                    16 mu  -1.76483154296875        1024.00000495060      of                  1024
 iteration of chemical potential converged

Submatrix                                   1878.594733000 sec
* submatrix stats                              0.080242872 sec
* mu iter                                   1878.513979197 sec
* submatrix construction                     889.047873020 sec
* submatrix eigendecomp                      457.466246367 sec
* submatrix P                                327.163317204 sec
* submatrix Nel                              197.502326250 sec
*                                              0.000000000 sec
* submatrix return results                     1.555553436 sec
*                                              0.000000000 sec
*                                              0.000000000 sec

 first elements Pref   1.32369296821676       0.446877863039302       0.199174988311007       0.119033115741790       0.108268921075834        1.13380750970395       0.231773574949093       0.217686386432892      -9.611327442316860E-002   1.00020325511338     
 first elements P      1.32369938196429       0.446881093178379       0.199176618120835       0.119036636744397       0.108270670675473        1.13380799506286       0.231777726330525       0.217688350999210      -9.611088689140944E-002   1.00020593391421     
 Sparsity of Pref:
   dimension                                    3456
   nonzero elements                         11930652
   sparsity                     0.998887803819444     
   average elements per column                  3452
 Sparsity of P:
   dimension                                    3456
   nonzero elements                          6736480
   sparsity                     0.564008380486968     
   average elements per column                  1949
 maximal deviation in density matrix  9.271565394351684E-003               5172825  0.000000000000000E+000 -9.271565394351684E-003
 MSE of density matrix  7.904960789646993E-008
 Tr(H Pref)=  -2734.37861279596     
 Tr(H P)=  -2734.38211667563     
 energy deviation abs(Tr(H P)-Tr(H Pref))= -3.503879676827637E-003
 energy deviation per atom abs(Tr(H P)-Tr(H Pref))/n= -9.124686658405304E-006
nel: 1024, nel_calc:      1024.00067144
 nel in P=   1024.00067144386      required nel=                  1024
