 
       ==============================================
       |                 P T B                      |
       |                S.Grimme                    |
       |          Universitaet Bonn, MCTC           |
       ==============================================
       Version 3.7, Do 28. Apr 14:28:45 CEST 2022
 
       Cite work conducted with this code as
       S. Grimme, M. Mueller, A. Hansen, unpublished.
 
 filter  1.000000000000000E-005
 ../../../../.atompara                                                                                                                                                                                                                                           
          =========================
          reading ... ../../../../systems/DNA.xyz
          =========================
 basis read done.
 ncao                   9662
 nsao                   9094
 npr                   25236
 basis setup done. Ndim                  9094
 coreat                    568
 cncao                     672
 cnsao                     672
 cnpr                     4032
 
 nalpha                   1538
 nbeta                    1538
 ntotal                   3076
 nopen                       0
cpu  time for startup and initial S    3.26 s
wall time for startup and initial S    3.00 s
               -----------------------
               |      PTB  model      |
               | SG, MM, AH 2020-2022 |
               -----------------------
 prop :                     1
 PA setup with Mull-Loew partitioning   0.333333 ...
 done.
EEQ done. sum q :   -0.000
    atom   Zeff  qEEQ  mod   srCN   noHCN   CN(EEQ)
    1   15  5.0    -0.133   5.218   1.117   4.312
    2   15  5.0    -0.130   5.095   1.118   4.368
    3   15  5.0    -0.130   5.283   1.116   4.375
    4   15  5.0    -0.130   5.135   1.119   4.386
    5   15  5.0    -0.125   5.018   1.112   4.439
    6   15  5.0    -0.125   5.084   1.113   4.453
    7   15  5.0    -0.132   5.302   1.120   4.345
    8   15  5.0    -0.125   5.003   1.112   4.437
    9   15  5.0    -0.127   5.155   1.115   4.392
   10   15  5.0    -0.128   5.140   1.116   4.402
   11   15  5.0    -0.130   5.141   1.116   4.364
   12   15  5.0    -0.130   5.214   1.117   4.367
   13   15  5.0    -0.130   5.111   1.118   4.372
   14   15  5.0    -0.130   5.109   1.120   4.372
   15   15  5.0    -0.130   5.293   1.119   4.377
   16   15  5.0    -0.129   5.146   1.119   4.404
   17   15  5.0    -0.125   4.974   1.110   4.401
   18   15  5.0    -0.128   5.140   1.117   4.389
   19   15  5.0    -0.129   5.138   1.117   4.395
   20   15  5.0    -0.133   5.300   1.118   4.345
   21   15  5.0    -0.126   5.326   1.112   4.454
   22   15  5.0    -0.123   4.999   1.110   4.487
   23   15  5.0    -0.128   5.159   1.116   4.375
   24   15  5.0    -0.130   5.267   1.119   4.378
   25   15  5.0    -0.129   5.087   1.116   4.368
   26   15  5.0    -0.131   5.253   1.117   4.363
   27    8  6.0    -0.015   1.797   0.275   1.988
   28    8  6.0    -0.014   1.797   0.275   1.988
   29    8  6.0    -0.014   1.797   0.274   1.988
   30    8  6.0    -0.015   1.804   0.274   1.989
   31    8  6.0    -0.015   1.807   0.273   1.988
   32    8  6.0    -0.015   1.784   0.275   1.989
   33    8  6.0    -0.017   1.825   0.277   1.989
   34    8  6.0    -0.078   1.036   0.380   1.000
   35    8  6.0     0.007   2.241   0.367   1.986
   36    8  6.0    -0.018   1.797   0.273   1.988
   37    8  6.0    -0.015   1.771   0.275   1.988
   38    8  6.0    -0.019   2.389   0.246   1.978
   39    8  6.0    -0.018   1.810   0.274   1.989
   40    8  6.0     0.007   2.213   0.366   1.989
   41    8  6.0    -0.018   1.815   0.274   1.989
   42    8  6.0    -0.014   1.792   0.273   1.988
   43    8  6.0    -0.015   1.791   0.276   1.988
   44    8  6.0    -0.017   1.800   0.276   1.989
   45    8  6.0    -0.108   1.568   0.293   1.002
   46    8  6.0    -0.017   1.807   0.276   1.989
   47    8  6.0    -0.018   1.807   0.275   1.989
   48    8  6.0    -0.011   1.770   0.272   1.987
   49    8  6.0    -0.016   1.815   0.274   1.989
   50    8  6.0    -0.014   1.790   0.273   1.988
   51    8  6.0    -0.017   1.820   0.275   1.989
   52    8  6.0    -0.012   1.740   0.280   1.987
   53    8  6.0    -0.016   1.773   0.274   1.988
   54    8  6.0    -0.013   1.796   0.274   1.988
   55    8  6.0    -0.017   1.807   0.276   1.989
   56    8  6.0    -0.013   1.791   0.272   1.987
   57    8  6.0    -0.017   1.824   0.275   1.989
   58    8  6.0    -0.111   1.494   0.299   1.002
   59    8  6.0    -0.049   1.910   0.174   1.984
   60    8  6.0    -0.019   2.345   0.247   1.978
   61    8  6.0     0.007   2.221   0.370   1.986
   62    8  6.0    -0.078   1.051   0.380   1.000
   63    8  6.0    -0.075   1.033   0.382   1.000
   64    8  6.0     0.009   2.216   0.368   1.987
   65    8  6.0    -0.046   1.850   0.164   1.979
   66    8  6.0    -0.093   1.461   0.302   1.002
   67    8  6.0    -0.018   2.398   0.247   1.978
   68    8  6.0     0.008   2.187   0.365   1.988
   69    8  6.0     0.009   2.171   0.369   1.988
   70    8  6.0    -0.017   2.401   0.245   1.977
   71    8  6.0     0.010   2.203   0.371   1.987
   72    8  6.0    -0.077   1.037   0.381   1.000
   73    8  6.0    -0.107   1.569   0.298   1.002
   74    8  6.0     0.007   2.206   0.367   1.989
   75    8  6.0    -0.019   2.377   0.248   1.978
   76    8  6.0     0.007   2.238   0.367   1.986
   77    8  6.0    -0.094   1.463   0.300   1.002
   78    8  6.0    -0.078   1.039   0.379   1.000
   79    8  6.0    -0.095   1.471   0.300   1.002
   80    8  6.0     0.010   2.172   0.369   1.988
   81    8  6.0    -0.014   2.403   0.250   1.979
   82    8  6.0     0.007   2.234   0.367   1.986
   83    8  6.0    -0.078   1.028   0.380   1.000
   84    8  6.0    -0.019   2.446   0.236   1.975
   85    8  6.0    -0.103   1.497   0.300   1.002
   86    8  6.0    -0.100   1.371   0.303   1.002
   87    8  6.0     0.008   2.205   0.368   1.989
   88    8  6.0    -0.024   2.446   0.235   1.974
   89    8  6.0     0.009   2.132   0.366   1.987
   90    8  6.0    -0.078   1.030   0.378   1.000
   91    8  6.0     0.006   2.226   0.363   1.988
   92    8  6.0    -0.020   2.350   0.252   1.980
   93    8  6.0     0.005   2.178   0.363   1.986
   94    8  6.0    -0.077   1.027   0.380   1.000
   95    8  6.0    -0.079   1.046   0.379   1.000
   96    8  6.0     0.008   2.244   0.368   1.986
   97    8  6.0     0.008   2.190   0.366   1.988
   98    8  6.0    -0.104   1.556   0.296   1.002
   99    8  6.0    -0.018   2.377   0.249   1.979
  100    8  6.0     0.007   2.216   0.366   1.988
  101    8  6.0     0.006   2.206   0.366   1.989
  102    8  6.0    -0.019   2.397   0.247   1.978
  103    8  6.0     0.006   2.243   0.369   1.986
  104    8  6.0    -0.078   1.046   0.380   1.000
  105    8  6.0    -0.095   1.427   0.304   1.002
  106    8  6.0    -0.107   1.591   0.293   1.002
  107    8  6.0     0.008   2.175   0.366   1.988
  108    8  6.0    -0.023   2.496   0.235   1.974
  109    8  6.0     0.010   2.128   0.366   1.987
  110    8  6.0    -0.076   1.027   0.380   1.000
  111    8  6.0     0.006   2.232   0.363   1.988
  112    8  6.0    -0.018   2.342   0.252   1.979
  113    8  6.0     0.009   2.180   0.367   1.986
  114    8  6.0    -0.074   1.036   0.382   1.000
  115    8  6.0    -0.099   1.463   0.302   1.003
  116    8  6.0    -0.103   1.395   0.300   1.002
  117    8  6.0     0.008   2.193   0.366   1.989
  118    8  6.0    -0.018   2.392   0.250   1.979
  119    8  6.0     0.007   2.194   0.368   1.986
  120    8  6.0    -0.077   1.033   0.381   1.000
  121    8  6.0    -0.101   1.513   0.295   1.002
  122    8  6.0     0.007   2.202   0.366   1.989
  123    8  6.0    -0.018   2.367   0.248   1.978
  124    8  6.0    -0.075   1.036   0.384   1.000
  125    8  6.0     0.007   2.205   0.369   1.987
  126    8  6.0     0.007   2.211   0.368   1.987
  127    8  6.0    -0.076   1.035   0.383   1.000
  128    8  6.0    -0.019   2.345   0.250   1.979
  129    8  6.0    -0.110   1.588   0.292   1.002
  130    8  6.0     0.005   2.216   0.361   1.987
  131    8  6.0     0.007   2.198   0.366   1.989
  132    8  6.0    -0.017   2.369   0.246   1.977
  133    8  6.0     0.009   2.218   0.370   1.987
  134    8  6.0    -0.078   1.052   0.380   1.000
  135    8  6.0    -0.094   1.480   0.299   1.002
  136    8  6.0     0.008   2.173   0.366   1.988
  137    8  6.0    -0.018   2.408   0.249   1.979
  138    8  6.0     0.008   2.225   0.369   1.987
  139    8  6.0    -0.078   1.036   0.381   1.000
  140    8  6.0    -0.106   1.479   0.299   1.002
  141    8  6.0     0.007   2.199   0.366   1.988
  142    8  6.0    -0.020   2.454   0.240   1.976
  143    8  6.0    -0.046   1.866   0.165   1.979
  144    8  6.0    -0.096   1.471   0.298   1.002
  145    8  6.0    -0.048   1.901   0.174   1.984
  146    8  6.0    -0.019   2.347   0.249   1.979
  147    8  6.0     0.007   2.223   0.369   1.986
  148    8  6.0    -0.076   1.026   0.379   1.000
  149    8  6.0    -0.095   1.418   0.304   1.002
  150    8  6.0    -0.107   1.598   0.299   1.002
  151    8  6.0     0.009   2.217   0.372   1.990
  152    8  6.0    -0.018   2.383   0.250   1.979
  153    8  6.0     0.008   2.252   0.369   1.986
  154    8  6.0    -0.079   1.045   0.379   1.000
  155    8  6.0    -0.078   1.034   0.379   1.000
  156    8  6.0     0.009   2.126   0.365   1.987
  157    8  6.0    -0.096   1.501   0.297   1.002
  158    8  6.0     0.009   2.170   0.368   1.988
  159    8  6.0    -0.024   2.409   0.237   1.974
  160    8  6.0    -0.017   2.396   0.249   1.979
  161    8  6.0     0.005   2.229   0.367   1.987
  162    8  6.0     0.006   2.244   0.365   1.986
  163    8  6.0    -0.077   1.028   0.380   1.000
  164    8  6.0    -0.105   1.471   0.300   1.002
  165    8  6.0     0.008   2.206   0.369   1.989
  166    8  6.0    -0.099   1.350   0.304   1.002
  167    8  6.0    -0.024   2.454   0.235   1.974
  168    8  6.0     0.010   2.133   0.366   1.987
  169    8  6.0    -0.104   1.508   0.300   1.002
  170    8  6.0    -0.073   1.029   0.383   1.000
  171    8  6.0     0.004   2.237   0.360   1.989
  172    8  6.0    -0.019   2.352   0.253   1.980
  173    8  6.0     0.007   2.195   0.367   1.986
  174    8  6.0    -0.076   1.031   0.380   1.000
  175    8  6.0    -0.100   1.454   0.298   1.002
  176    8  6.0    -0.103   1.393   0.299   1.002
  177    8  6.0     0.009   2.196   0.369   1.989
  178    8  6.0    -0.017   2.390   0.249   1.979
  179    8  6.0     0.008   2.198   0.369   1.986
  180    8  6.0    -0.078   1.036   0.382   1.000
  181    8  6.0    -0.110   1.567   0.298   1.002
  182    8  6.0     0.006   2.215   0.366   1.989
  183    8  6.0    -0.019   2.372   0.245   1.977
  184    8  6.0     0.007   2.229   0.367   1.986
  185    8  6.0    -0.079   1.044   0.380   1.000
  186    8  6.0    -0.095   1.181   0.367   1.000
  187    8  6.0     0.009   2.057   0.369   1.988
  188    8  6.0    -0.099   1.509   0.302   1.002
  189    8  6.0     0.007   2.184   0.365   1.987
  190    8  6.0    -0.019   2.480   0.232   1.973
  191    7  5.0     0.117   3.669   0.423   2.998
  192    7  5.0    -0.084   3.022   0.375   2.011
  193    7  5.0    -0.013   2.958   0.264   3.002
  194    7  5.0    -0.020   2.917   0.251   3.000
  195    7  5.0     0.088   3.698   0.442   3.047
  196    7  5.0    -0.091   2.921   0.375   2.009
  197    7  5.0    -0.098   2.476   0.385   2.032
  198    7  5.0     0.102   3.610   0.414   2.997
  199    7  5.0    -0.098   2.758   0.380   2.006
  200    7  5.0    -0.020   3.037   0.247   2.998
  201    7  5.0     0.083   3.482   0.324   2.998
  202    7  5.0     0.078   3.480   0.325   2.999
  203    7  5.0    -0.020   2.931   0.246   2.997
  204    7  5.0    -0.104   2.710   0.377   2.005
  205    7  5.0    -0.088   2.479   0.385   2.032
  206    7  5.0     0.088   3.677   0.441   3.045
  207    7  5.0     0.094   3.691   0.439   3.045
  208    7  5.0    -0.022   2.916   0.247   3.000
  209    7  5.0    -0.081   3.015   0.377   2.009
  210    7  5.0    -0.089   2.497   0.386   2.031
  211    7  5.0     0.114   3.636   0.418   2.997
  212    7  5.0     0.075   3.485   0.326   3.000
  213    7  5.0    -0.095   2.704   0.379   2.005
  214    7  5.0    -0.022   3.017   0.246   2.998
  215    7  5.0     0.079   3.500   0.326   3.000
  216    7  5.0    -0.033   2.959   0.241   2.997
  217    7  5.0    -0.089   2.490   0.385   2.031
  218    7  5.0     0.096   3.694   0.443   3.047
  219    7  5.0    -0.093   2.705   0.380   2.005
  220    7  5.0     0.091   3.485   0.339   2.993
  221    7  5.0     0.094   3.640   0.429   3.000
  222    7  5.0    -0.093   2.465   0.390   2.001
  223    7  5.0    -0.089   2.853   0.371   2.010
  224    7  5.0    -0.017   3.022   0.245   2.997
  225    7  5.0    -0.100   2.512   0.384   2.027
  226    7  5.0     0.094   3.679   0.436   3.044
  227    7  5.0     0.112   3.646   0.418   2.997
  228    7  5.0    -0.019   2.966   0.256   3.000
  229    7  5.0    -0.094   2.994   0.372   2.009
  230    7  5.0    -0.090   2.940   0.378   2.010
  231    7  5.0     0.112   3.658   0.420   2.997
  232    7  5.0    -0.027   2.942   0.245   2.999
  233    7  5.0     0.110   3.632   0.422   2.997
  234    7  5.0    -0.097   2.781   0.377   2.006
  235    7  5.0    -0.018   3.035   0.256   2.999
  236    7  5.0     0.090   3.543   0.322   3.000
  237    7  5.0    -0.083   3.053   0.374   2.010
  238    7  5.0    -0.085   2.456   0.388   2.032
  239    7  5.0     0.086   3.664   0.443   3.045
  240    7  5.0    -0.020   2.948   0.263   3.001
  241    7  5.0    -0.087   2.484   0.392   2.001
  242    7  5.0    -0.092   2.988   0.369   2.019
  243    7  5.0    -0.012   3.008   0.259   2.999
  244    7  5.0    -0.089   2.524   0.384   2.028
  245    7  5.0     0.098   3.676   0.440   3.044
  246    7  5.0     0.088   3.646   0.439   3.045
  247    7  5.0     0.089   3.597   0.341   2.996
  248    7  5.0     0.095   3.626   0.424   2.997
  249    7  5.0    -0.103   2.701   0.381   2.005
  250    7  5.0    -0.024   2.907   0.244   2.998
  251    7  5.0     0.075   3.521   0.324   3.000
  252    7  5.0    -0.078   2.536   0.386   2.030
  253    7  5.0     0.098   3.685   0.440   3.045
  254    7  5.0    -0.080   2.429   0.388   2.032
  255    7  5.0    -0.019   2.949   0.258   3.001
  256    7  5.0     0.097   3.638   0.427   2.998
  257    7  5.0    -0.077   3.044   0.376   2.010
  258    7  5.0     0.114   3.667   0.426   2.999
  259    7  5.0     0.083   3.543   0.343   2.993
  260    7  5.0     0.095   3.676   0.435   3.044
  261    7  5.0    -0.097   2.528   0.384   2.027
  262    7  5.0    -0.093   2.717   0.381   2.005
  263    7  5.0    -0.025   3.016   0.242   2.998
  264    7  5.0     0.079   3.496   0.328   3.000
  265    7  5.0    -0.093   2.499   0.387   2.030
  266    7  5.0     0.096   3.712   0.440   3.046
  267    7  5.0    -0.006   3.065   0.254   2.998
  268    7  5.0    -0.087   2.820   0.368   2.009
  269    7  5.0    -0.027   2.911   0.251   3.000
  270    7  5.0    -0.091   2.914   0.378   2.009
  271    7  5.0    -0.092   2.445   0.388   2.001
  272    7  5.0     0.109   3.640   0.418   2.998
  273    7  5.0    -0.105   2.577   0.378   2.004
  274    7  5.0    -0.034   2.887   0.242   2.998
  275    7  5.0     0.075   3.448   0.326   3.001
  276    7  5.0    -0.091   2.490   0.388   2.028
  277    7  5.0    -0.104   2.717   0.377   2.005
  278    7  5.0     0.091   3.659   0.430   3.045
  279    7  5.0    -0.033   2.928   0.236   2.998
  280    7  5.0    -0.084   3.008   0.377   2.009
  281    7  5.0     0.115   3.625   0.423   2.997
  282    7  5.0     0.076   3.436   0.323   2.998
  283    7  5.0    -0.094   2.715   0.380   2.005
  284    7  5.0    -0.024   2.992   0.252   2.999
  285    7  5.0     0.073   3.506   0.325   3.000
  286    7  5.0    -0.084   2.497   0.385   2.030
  287    7  5.0     0.097   3.683   0.441   3.044
  288    7  5.0     0.094   3.679   0.440   3.045
  289    7  5.0    -0.103   2.540   0.383   2.028
  290    7  5.0     0.090   3.625   0.425   2.999
  291    7  5.0    -0.013   2.975   0.258   3.001
  292    7  5.0    -0.007   3.019   0.253   2.998
  293    7  5.0    -0.092   2.922   0.370   2.012
  294    7  5.0    -0.070   2.994   0.377   2.010
  295    7  5.0    -0.088   2.497   0.392   2.001
  296    7  5.0     0.108   3.635   0.421   2.998
  297    7  5.0     0.083   3.500   0.341   2.995
  298    7  5.0    -0.031   2.899   0.239   2.997
  299    6  4.0    -0.041   4.024   0.178   4.138
  300    6  4.0    -0.030   4.258   0.228   3.998
  301    6  4.0    -0.015   4.400   0.226   4.129
  302    6  4.0    -0.049   4.369   0.110   3.983
  303    6  4.0    -0.036   4.378   0.293   3.996
  304    6  4.0    -0.014   4.352   0.222   4.141
  305    6  4.0    -0.011   3.557   0.606   3.022
  306    6  4.0    -0.050   4.334   0.113   3.987
  307    6  4.0    -0.023   3.455   0.470   3.027
  308    6  4.0    -0.034   4.403   0.302   4.012
  309    6  4.0    -0.059   3.556   0.077   3.980
  310    6  4.0    -0.037   3.555   0.282   3.002
  311    6  4.0    -0.039   3.973   0.181   4.185
  312    6  4.0    -0.033   4.247   0.225   3.999
  313    6  4.0    -0.026   3.455   0.525   3.008
  314    6  4.0    -0.014   4.330   0.225   4.157
  315    6  4.0    -0.062   3.345   0.220   3.004
  316    6  4.0    -0.051   4.290   0.110   3.981
  317    6  4.0    -0.036   4.317   0.293   4.004
  318    6  4.0    -0.090   3.533   0.305   3.011
  319    6  4.0    -0.010   3.470   0.603   3.018
  320    6  4.0    -0.052   3.404   0.610   3.008
  321    6  4.0    -0.016   4.110   0.447   3.180
  322    6  4.0    -0.023   3.486   0.468   3.026
  323    6  4.0    -0.028   3.312   0.392   3.078
  324    6  4.0    -0.063   3.311   0.220   3.004
  325    6  4.0    -0.092   3.496   0.305   3.012
  326    6  4.0    -0.092   3.538   0.305   3.011
  327    6  4.0    -0.065   3.383   0.220   3.005
  328    6  4.0    -0.072   3.486   0.363   3.206
  329    6  4.0    -0.024   3.443   0.467   3.026
  330    6  4.0     0.005   4.015   0.352   3.192
  331    6  4.0    -0.014   3.431   0.601   3.019
  332    6  4.0    -0.022   3.386   0.528   3.004
  333    6  4.0    -0.038   4.209   0.295   3.993
  334    6  4.0    -0.054   4.013   0.109   3.977
  335    6  4.0    -0.030   4.057   0.239   3.974
  336    6  4.0    -0.030   4.135   0.227   3.988
  337    6  4.0    -0.045   3.469   0.531   3.055
  338    6  4.0    -0.026   3.534   0.465   3.024
  339    6  4.0    -0.036   4.249   0.292   3.997
  340    6  4.0    -0.038   4.017   0.175   4.169
  341    6  4.0    -0.031   4.262   0.229   4.001
  342    6  4.0    -0.052   4.392   0.115   3.979
  343    6  4.0    -0.014   4.396   0.226   4.145
  344    6  4.0    -0.013   4.338   0.225   4.171
  345    6  4.0    -0.050   4.375   0.109   3.992
  346    6  4.0    -0.036   4.388   0.303   3.999
  347    6  4.0     0.011   4.063   0.351   3.204
  348    6  4.0    -0.070   3.458   0.364   3.225
  349    6  4.0    -0.067   3.548   0.365   3.233
  350    6  4.0     0.006   3.969   0.351   3.201
  351    6  4.0    -0.021   3.332   0.527   3.004
  352    6  4.0    -0.034   4.225   0.228   3.995
  353    6  4.0    -0.038   4.250   0.304   3.995
  354    6  4.0    -0.046   3.513   0.535   3.057
  355    6  4.0    -0.052   4.339   0.110   3.979
  356    6  4.0    -0.096   3.713   0.298   3.010
  357    6  4.0    -0.024   4.120   0.452   3.162
  358    6  4.0    -0.043   3.970   0.179   4.117
  359    6  4.0    -0.039   3.992   0.179   4.159
  360    6  4.0    -0.032   4.257   0.229   3.998
  361    6  4.0    -0.022   4.199   0.453   3.166
  362    6  4.0    -0.030   4.294   0.224   4.000
  363    6  4.0    -0.045   3.462   0.533   3.055
  364    6  4.0    -0.046   3.530   0.535   3.058
  365    6  4.0    -0.023   4.162   0.452   3.155
  366    6  4.0    -0.014   4.381   0.226   4.141
  367    6  4.0    -0.020   3.331   0.526   3.004
  368    6  4.0     0.006   3.985   0.352   3.193
  369    6  4.0    -0.015   4.358   0.226   4.136
  370    6  4.0    -0.037   3.983   0.180   4.203
  371    6  4.0    -0.072   3.440   0.363   3.218
  372    6  4.0    -0.040   4.001   0.178   4.147
  373    6  4.0    -0.031   4.262   0.230   3.997
  374    6  4.0    -0.035   4.417   0.304   4.001
  375    6  4.0    -0.016   4.348   0.228   4.117
  376    6  4.0    -0.050   4.315   0.112   3.988
  377    6  4.0    -0.050   4.302   0.110   3.980
  378    6  4.0    -0.035   4.361   0.293   3.996
  379    6  4.0    -0.050   4.355   0.110   3.990
  380    6  4.0    -0.010   3.521   0.602   3.022
  381    6  4.0    -0.016   4.338   0.226   4.116
  382    6  4.0    -0.032   4.235   0.228   3.994
  383    6  4.0    -0.024   3.452   0.462   3.028
  384    6  4.0    -0.038   4.003   0.178   4.172
  385    6  4.0    -0.066   3.354   0.220   3.005
  386    6  4.0    -0.093   3.540   0.307   3.012
  387    6  4.0    -0.036   4.386   0.303   3.997
  388    6  4.0    -0.032   4.252   0.230   3.998
  389    6  4.0    -0.039   3.981   0.179   4.175
  390    6  4.0    -0.071   3.465   0.363   3.224
  391    6  4.0    -0.055   3.610   0.191   3.969
  392    6  4.0    -0.092   3.530   0.306   3.012
  393    6  4.0    -0.064   3.366   0.220   3.004
  394    6  4.0    -0.023   3.467   0.465   3.027
  395    6  4.0    -0.011   3.533   0.602   3.020
  396    6  4.0    -0.036   4.350   0.291   3.994
  397    6  4.0    -0.049   4.346   0.110   3.982
  398    6  4.0     0.007   4.007   0.352   3.200
  399    6  4.0    -0.017   4.368   0.228   4.112
  400    6  4.0    -0.020   3.350   0.526   3.004
  401    6  4.0    -0.037   4.021   0.178   4.176
  402    6  4.0    -0.031   4.149   0.225   3.989
  403    6  4.0    -0.031   4.254   0.230   3.995
  404    6  4.0    -0.030   4.067   0.238   3.974
  405    6  4.0    -0.040   4.013   0.177   4.145
  406    6  4.0    -0.055   4.005   0.108   3.977
  407    6  4.0    -0.038   4.136   0.303   3.995
  408    6  4.0    -0.046   3.493   0.531   3.057
  409    6  4.0    -0.069   3.554   0.363   3.230
  410    6  4.0    -0.031   4.168   0.222   3.996
  411    6  4.0     0.008   3.942   0.353   3.211
  412    6  4.0    -0.021   3.314   0.528   3.004
  413    6  4.0    -0.023   4.135   0.452   3.165
  414    6  4.0    -0.045   3.522   0.535   3.058
  415    6  4.0    -0.047   3.444   0.529   3.055
  416    6  4.0    -0.024   3.306   0.528   3.004
  417    6  4.0     0.005   3.960   0.352   3.203
  418    6  4.0    -0.025   3.992   0.446   3.152
  419    6  4.0    -0.035   3.928   0.185   4.201
  420    6  4.0    -0.070   3.468   0.365   3.228
  421    6  4.0    -0.036   4.407   0.304   4.000
  422    6  4.0    -0.050   4.367   0.109   3.991
  423    6  4.0    -0.042   4.000   0.178   4.127
  424    6  4.0    -0.014   4.383   0.225   4.146
  425    6  4.0    -0.022   4.157   0.451   3.161
  426    6  4.0    -0.031   4.264   0.229   4.001
  427    6  4.0    -0.039   4.011   0.176   4.161
  428    6  4.0    -0.096   3.656   0.300   3.009
  429    6  4.0    -0.060   3.532   0.076   3.980
  430    6  4.0    -0.038   3.489   0.281   3.002
  431    6  4.0    -0.025   3.416   0.522   3.008
  432    6  4.0    -0.055   3.603   0.191   3.968
  433    6  4.0    -0.031   4.157   0.226   3.991
  434    6  4.0    -0.030   4.247   0.228   3.996
  435    6  4.0    -0.017   4.236   0.228   4.134
  436    6  4.0    -0.020   4.066   0.445   3.169
  437    6  4.0    -0.050   4.314   0.112   3.982
  438    6  4.0    -0.036   4.339   0.293   3.992
  439    6  4.0    -0.050   3.464   0.608   3.008
  440    6  4.0    -0.012   3.420   0.605   3.019
  441    6  4.0    -0.034   4.352   0.293   4.003
  442    6  4.0    -0.051   4.294   0.112   3.981
  443    6  4.0    -0.025   3.403   0.466   3.026
  444    6  4.0    -0.015   4.321   0.225   4.149
  445    6  4.0    -0.063   3.298   0.221   3.004
  446    6  4.0    -0.091   3.470   0.303   3.011
  447    6  4.0    -0.033   4.247   0.227   3.998
  448    6  4.0    -0.038   3.988   0.179   4.195
  449    6  4.0    -0.015   4.257   0.224   4.151
  450    6  4.0    -0.019   4.073   0.446   3.173
  451    6  4.0    -0.015   4.400   0.228   4.136
  452    6  4.0    -0.030   3.213   0.389   3.078
  453    6  4.0    -0.050   4.379   0.110   3.985
  454    6  4.0    -0.022   3.563   0.462   3.027
  455    6  4.0     0.011   4.042   0.353   3.207
  456    6  4.0    -0.036   4.352   0.293   3.994
  457    6  4.0    -0.067   3.523   0.365   3.232
  458    6  4.0    -0.012   3.501   0.605   3.020
  459    6  4.0    -0.022   3.237   0.525   3.003
  460    6  4.0    -0.030   3.229   0.390   3.075
  461    6  4.0    -0.038   4.228   0.304   3.995
  462    6  4.0    -0.039   3.997   0.178   4.160
  463    6  4.0    -0.031   4.258   0.229   3.999
  464    6  4.0    -0.053   4.382   0.111   3.980
  465    6  4.0    -0.015   4.371   0.227   4.133
  466    6  4.0    -0.024   3.556   0.465   3.026
  467    6  4.0    -0.049   4.386   0.109   3.991
  468    6  4.0    -0.036   4.388   0.302   3.997
  469    6  4.0    -0.014   4.372   0.226   4.163
  470    6  4.0    -0.071   3.522   0.364   3.230
  471    6  4.0    -0.033   4.238   0.227   3.994
  472    6  4.0     0.008   4.016   0.352   3.205
  473    6  4.0    -0.020   3.368   0.528   3.004
  474    6  4.0     0.010   4.055   0.352   3.208
  475    6  4.0    -0.036   4.007   0.177   4.197
  476    6  4.0    -0.047   3.518   0.533   3.056
  477    6  4.0    -0.097   3.658   0.302   3.009
  478    6  4.0    -0.061   3.559   0.076   3.980
  479    6  4.0    -0.022   4.151   0.453   3.161
  480    6  4.0    -0.040   4.006   0.178   4.154
  481    6  4.0    -0.032   4.251   0.230   3.996
  482    6  4.0    -0.091   3.555   0.306   3.011
  483    6  4.0    -0.064   3.413   0.221   3.005
  484    6  4.0    -0.027   3.479   0.469   3.025
  485    6  4.0    -0.023   3.479   0.463   3.026
  486    6  4.0    -0.015   4.362   0.228   4.128
  487    6  4.0    -0.012   3.529   0.602   3.019
  488    6  4.0    -0.062   3.418   0.220   3.004
  489    6  4.0    -0.036   4.313   0.292   3.996
  490    6  4.0    -0.051   4.341   0.110   3.981
  491    6  4.0     0.004   3.904   0.354   3.195
  492    6  4.0    -0.042   3.515   0.280   3.003
  493    6  4.0    -0.067   3.556   0.364   3.232
  494    6  4.0    -0.041   3.981   0.179   4.149
  495    6  4.0    -0.032   4.240   0.229   3.996
  496    6  4.0    -0.050   4.351   0.110   3.984
  497    6  4.0    -0.015   4.343   0.227   4.133
  498    6  4.0    -0.038   4.183   0.303   3.994
  499    6  4.0    -0.050   4.332   0.111   3.983
  500    6  4.0    -0.036   4.377   0.294   3.996
  501    6  4.0    -0.029   3.443   0.525   3.009
  502    6  4.0    -0.010   3.594   0.603   3.022
  503    6  4.0    -0.054   4.377   0.111   3.978
  504    6  4.0    -0.012   4.421   0.224   4.178
  505    6  4.0    -0.023   3.477   0.467   3.027
  506    6  4.0    -0.051   3.496   0.611   3.010
  507    6  4.0    -0.065   3.374   0.220   3.005
  508    6  4.0    -0.093   3.527   0.307   3.012
  509    6  4.0    -0.035   4.382   0.293   3.996
  510    6  4.0    -0.031   4.247   0.229   3.996
  511    6  4.0    -0.043   3.992   0.178   4.122
  512    6  4.0    -0.091   3.527   0.304   3.011
  513    6  4.0    -0.010   3.529   0.604   3.021
  514    6  4.0    -0.052   4.261   0.112   3.987
  515    6  4.0    -0.022   4.186   0.452   3.157
  516    6  4.0    -0.044   3.563   0.539   3.055
  517    6  4.0    -0.021   3.359   0.527   3.003
  518    6  4.0     0.006   3.995   0.353   3.195
  519    6  4.0    -0.072   3.416   0.363   3.216
  520    6  4.0    -0.033   4.405   0.294   3.999
  521    6  4.0    -0.011   4.404   0.225   4.204
  522    6  4.0    -0.033   4.230   0.227   3.993
  523    6  4.0    -0.040   3.999   0.179   4.151
  524    6  4.0    -0.031   4.246   0.229   3.999
  525    6  4.0    -0.039   3.997   0.179   4.165
  526    6  4.0    -0.014   4.385   0.227   4.144
  527    6  4.0    -0.036   4.358   0.303   4.010
  528    6  4.0    -0.051   4.373   0.109   3.985
  529    6  4.0    -0.037   4.293   0.303   3.995
  530    6  4.0    -0.049   4.374   0.110   3.984
  531    6  4.0    -0.070   3.493   0.363   3.229
  532    6  4.0    -0.051   4.268   0.111   3.988
  533    6  4.0     0.008   4.015   0.352   3.204
  534    6  4.0    -0.023   3.367   0.527   3.005
  535    6  4.0    -0.027   3.480   0.470   3.026
  536    6  4.0    -0.015   4.362   0.226   4.137
  537    6  4.0    -0.047   3.503   0.531   3.054
  538    6  4.0    -0.015   4.322   0.223   4.147
  539    6  4.0    -0.032   4.253   0.230   3.999
  540    6  4.0    -0.024   4.120   0.450   3.160
  541    6  4.0    -0.033   4.252   0.225   4.000
  542    6  4.0    -0.037   3.992   0.180   4.207
  543    6  4.0    -0.067   3.365   0.219   3.004
  544    6  4.0    -0.094   3.535   0.307   3.011
  545    6  4.0    -0.036   4.356   0.304   4.004
  546    6  4.0    -0.017   4.105   0.446   3.177
  547    6  4.0    -0.027   3.360   0.393   3.077
  548    6  4.0    -0.025   3.577   0.470   3.024
  549    6  4.0     0.011   4.077   0.352   3.205
  550    6  4.0    -0.067   3.545   0.365   3.231
  551    6  4.0    -0.023   4.111   0.450   3.160
  552    6  4.0    -0.070   3.355   0.362   3.216
  553    6  4.0    -0.038   4.257   0.303   3.994
  554    6  4.0    -0.052   4.351   0.111   3.979
  555    6  4.0    -0.037   4.015   0.178   4.177
  556    6  4.0    -0.032   4.254   0.229   3.998
  557    6  4.0    -0.014   4.353   0.225   4.152
  558    6  4.0    -0.015   4.367   0.228   4.129
  559    6  4.0    -0.033   4.231   0.230   3.994
  560    6  4.0    -0.049   4.385   0.110   3.985
  561    6  4.0    -0.033   4.395   0.292   3.998
  562    6  4.0    -0.038   4.004   0.178   4.179
  563    6  4.0    -0.051   3.513   0.610   3.009
  564    6  4.0    -0.038   3.985   0.178   4.182
  565    6  4.0    -0.097   3.659   0.302   3.009
  566    6  4.0    -0.029   3.458   0.526   3.009
  567    6  4.0    -0.061   3.557   0.076   3.981
  568    6  4.0    -0.042   3.515   0.281   3.002
  569    1  1.0     0.057   1.013   0.033   1.004
  570    1  1.0     0.050   0.892   0.002   0.989
  571    1  1.0     0.043   0.881   0.002   0.988
  572    1  1.0     0.046   0.950   0.002   0.992
  573    1  1.0     0.045   0.907   0.002   0.990
  574    1  1.0     0.055   0.930   0.002   0.990
  575    1  1.0     0.048   0.895   0.002   0.989
  576    1  1.0     0.064   1.000   0.002   0.991
  577    1  1.0     0.058   0.916   0.002   0.987
  578    1  1.0     0.068   1.141   0.019   0.992
  579    1  1.0     0.048   0.823   0.002   0.993
  580    1  1.0     0.055   0.823   0.002   0.992
  581    1  1.0     0.057   0.825   0.002   0.992
  582    1  1.0     0.065   0.908   0.002   0.991
  583    1  1.0     0.053   0.822   0.002   0.993
  584    1  1.0     0.055   0.932   0.002   0.990
  585    1  1.0     0.044   0.909   0.002   0.989
  586    1  1.0     0.068   1.123   0.019   0.991
  587    1  1.0     0.062   0.987   0.002   0.991
  588    1  1.0     0.047   0.945   0.002   0.992
  589    1  1.0     0.057   0.922   0.001   0.987
  590    1  1.0     0.045   0.870   0.002   0.988
  591    1  1.0     0.075   0.977   0.028   0.995
  592    1  1.0     0.055   0.880   0.037   0.998
  593    1  1.0     0.070   0.895   0.003   0.994
  594    1  1.0     0.062   0.886   0.032   0.997
  595    1  1.0     0.067   0.917   0.002   0.992
  596    1  1.0     0.070   0.932   0.030   0.996
  597    1  1.0     0.063   1.064   0.023   0.993
  598    1  1.0     0.072   0.895   0.003   0.994
  599    1  1.0     0.061   0.884   0.033   0.997
  600    1  1.0     0.064   0.864   0.003   0.995
  601    1  1.0     0.073   0.967   0.027   0.995
  602    1  1.0     0.051   0.906   0.001   0.986
  603    1  1.0     0.045   0.883   0.002   0.989
  604    1  1.0     0.046   0.944   0.002   0.991
  605    1  1.0     0.045   0.912   0.002   0.989
  606    1  1.0     0.058   0.948   0.002   0.990
  607    1  1.0     0.054   0.886   0.002   0.990
  608    1  1.0     0.056   0.995   0.002   0.990
  609    1  1.0     0.055   0.929   0.001   0.986
  610    1  1.0     0.072   0.872   0.003   0.994
  611    1  1.0     0.070   0.938   0.029   0.996
  612    1  1.0     0.058   0.884   0.036   0.997
  613    1  1.0     0.091   0.868   0.002   0.990
  614    1  1.0     0.057   0.993   0.002   0.992
  615    1  1.0     0.047   0.886   0.002   0.989
  616    1  1.0     0.056   0.939   0.002   0.990
  617    1  1.0     0.045   0.905   0.002   0.990
  618    1  1.0     0.046   0.942   0.002   0.992
  619    1  1.0     0.055   0.914   0.001   0.986
  620    1  1.0     0.044   0.875   0.002   0.988
  621    1  1.0     0.058   0.907   0.002   0.988
  622    1  1.0     0.067   0.915   0.002   0.991
  623    1  1.0     0.062   1.035   0.002   0.990
  624    1  1.0     0.058   0.996   0.002   0.991
  625    1  1.0     0.047   0.913   0.002   0.991
  626    1  1.0     0.048   0.889   0.002   0.990
  627    1  1.0     0.067   0.898   0.002   0.992
  628    1  1.0     0.071   0.895   0.003   0.994
  629    1  1.0     0.057   0.970   0.002   0.991
  630    1  1.0     0.045   0.907   0.002   0.989
  631    1  1.0     0.055   0.882   0.037   0.998
  632    1  1.0     0.047   0.935   0.002   0.992
  633    1  1.0     0.050   0.867   0.001   0.987
  634    1  1.0     0.073   0.980   0.028   0.995
  635    1  1.0     0.046   0.944   0.002   0.990
  636    1  1.0     0.044   0.880   0.002   0.991
  637    1  1.0     0.045   0.906   0.002   0.989
  638    1  1.0     0.050   0.911   0.002   0.991
  639    1  1.0     0.048   0.874   0.002   0.990
  640    1  1.0     0.059   0.973   0.002   0.992
  641    1  1.0     0.054   0.974   0.001   0.986
  642    1  1.0     0.066   0.851   0.003   0.995
  643    1  1.0     0.060   1.077   0.022   0.993
  644    1  1.0     0.071   0.966   0.030   0.996
  645    1  1.0     0.058   0.895   0.033   0.997
  646    1  1.0     0.054   0.931   0.001   0.985
  647    1  1.0     0.059   0.980   0.002   0.991
  648    1  1.0     0.050   0.887   0.002   0.989
  649    1  1.0     0.054   0.923   0.002   0.990
  650    1  1.0     0.045   0.907   0.002   0.989
  651    1  1.0     0.047   0.932   0.002   0.992
  652    1  1.0     0.046   0.880   0.002   0.989
  653    1  1.0     0.057   0.903   0.002   0.990
  654    1  1.0     0.053   0.954   0.002   0.990
  655    1  1.0     0.060   0.886   0.033   0.997
  656    1  1.0     0.070   0.980   0.028   0.995
  657    1  1.0     0.060   1.088   0.022   0.992
  658    1  1.0     0.066   0.867   0.003   0.995
  659    1  1.0     0.056   0.925   0.001   0.987
  660    1  1.0     0.060   0.992   0.002   0.991
  661    1  1.0     0.067   0.827   0.002   0.991
  662    1  1.0     0.048   0.896   0.002   0.989
  663    1  1.0     0.052   0.918   0.002   0.991
  664    1  1.0     0.051   0.867   0.001   0.987
  665    1  1.0     0.047   0.931   0.002   0.992
  666    1  1.0     0.046   0.908   0.002   0.989
  667    1  1.0     0.060   0.999   0.002   0.991
  668    1  1.0     0.054   0.882   0.002   0.990
  669    1  1.0     0.059   0.987   0.002   0.991
  670    1  1.0     0.056   0.909   0.002   0.987
  671    1  1.0     0.075   0.968   0.028   0.996
  672    1  1.0     0.059   0.881   0.035   0.997
  673    1  1.0     0.072   0.897   0.003   0.994
  674    1  1.0     0.070   0.946   0.002   0.992
  675    1  1.0     0.045   0.905   0.002   0.990
  676    1  1.0     0.047   0.939   0.002   0.992
  677    1  1.0     0.045   0.873   0.002   0.990
  678    1  1.0     0.044   0.879   0.002   0.988
  679    1  1.0     0.044   0.879   0.002   0.988
  680    1  1.0     0.059   0.886   0.033   0.997
  681    1  1.0     0.045   0.944   0.002   0.992
  682    1  1.0     0.069   0.962   0.028   0.995
  683    1  1.0     0.045   0.906   0.002   0.990
  684    1  1.0     0.054   0.923   0.002   0.991
  685    1  1.0     0.048   0.896   0.002   0.989
  686    1  1.0     0.060   0.936   0.030   0.987
  687    1  1.0     0.065   0.887   0.002   0.992
  688    1  1.0     0.073   0.893   0.003   0.994
  689    1  1.0     0.053   0.888   0.035   0.997
  690    1  1.0     0.074   0.990   0.027   0.995
  691    1  1.0     0.061   0.826   0.002   0.992
  692    1  1.0     0.054   0.917   0.001   0.986
  693    1  1.0     0.062   1.001   0.002   0.991
  694    1  1.0     0.047   0.882   0.002   0.990
  695    1  1.0     0.044   0.872   0.002   0.989
  696    1  1.0     0.046   0.957   0.002   0.991
  697    1  1.0     0.045   0.911   0.002   0.989
  698    1  1.0     0.057   0.964   0.002   0.990
  699    1  1.0     0.051   0.888   0.002   0.991
  700    1  1.0     0.055   1.012   0.002   0.990
  701    1  1.0     0.055   0.907   0.001   0.987
  702    1  1.0     0.065   0.864   0.003   0.994
  703    1  1.0     0.072   0.969   0.028   0.995
  704    1  1.0     0.061   0.891   0.035   0.997
  705    1  1.0     0.086   0.866   0.002   0.991
  706    1  1.0     0.048   0.918   0.002   0.991
  707    1  1.0     0.059   1.070   0.022   0.992
  708    1  1.0     0.064   0.855   0.003   0.995
  709    1  1.0     0.046   0.905   0.002   0.990
  710    1  1.0     0.047   0.850   0.002   0.992
  711    1  1.0     0.055   0.940   0.001   0.987
  712    1  1.0     0.046   0.840   0.002   0.991
  713    1  1.0     0.060   0.981   0.002   0.991
  714    1  1.0     0.061   0.984   0.002   0.991
  715    1  1.0     0.056   0.921   0.001   0.986
  716    1  1.0     0.069   0.894   0.002   0.992
  717    1  1.0     0.068   1.171   0.017   0.996
  718    1  1.0     0.048   0.892   0.002   0.989
  719    1  1.0     0.049   0.823   0.002   0.993
  720    1  1.0     0.044   0.875   0.002   0.988
  721    1  1.0     0.053   0.919   0.002   0.990
  722    1  1.0     0.046   0.946   0.002   0.992
  723    1  1.0     0.057   0.883   0.035   0.997
  724    1  1.0     0.071   0.939   0.029   0.996
  725    1  1.0     0.046   0.941   0.002   0.990
  726    1  1.0     0.045   0.881   0.002   0.991
  727    1  1.0     0.045   0.911   0.002   0.989
  728    1  1.0     0.052   0.921   0.002   0.990
  729    1  1.0     0.049   0.878   0.002   0.990
  730    1  1.0     0.058   0.984   0.002   0.991
  731    1  1.0     0.053   0.930   0.001   0.986
  732    1  1.0     0.068   1.094   0.019   0.990
  733    1  1.0     0.050   0.823   0.002   0.993
  734    1  1.0     0.061   0.822   0.002   0.991
  735    1  1.0     0.061   0.827   0.002   0.992
  736    1  1.0     0.066   0.892   0.002   0.992
  737    1  1.0     0.045   0.905   0.002   0.990
  738    1  1.0     0.046   0.936   0.002   0.992
  739    1  1.0     0.044   0.882   0.002   0.989
  740    1  1.0     0.060   1.069   0.023   0.993
  741    1  1.0     0.070   0.898   0.003   0.994
  742    1  1.0     0.052   0.894   0.002   0.989
  743    1  1.0     0.044   0.871   0.002   0.991
  744    1  1.0     0.047   0.870   0.002   0.991
  745    1  1.0     0.051   0.880   0.037   0.992
  746    1  1.0     0.055   0.937   0.002   0.990
  747    1  1.0     0.047   0.849   0.002   0.992
  748    1  1.0     0.044   0.905   0.002   0.990
  749    1  1.0     0.046   0.950   0.002   0.991
  750    1  1.0     0.045   0.878   0.002   0.989
  751    1  1.0     0.056   0.822   0.002   0.992
  752    1  1.0     0.047   0.840   0.002   0.991
  753    1  1.0     0.057   0.890   0.033   0.997
  754    1  1.0     0.057   0.826   0.002   0.992
  755    1  1.0     0.074   0.971   0.028   0.995
  756    1  1.0     0.062   1.083   0.020   0.991
  757    1  1.0     0.067   0.912   0.002   0.992
  758    1  1.0     0.046   0.871   0.002   0.987
  759    1  1.0     0.047   0.948   0.002   0.992
  760    1  1.0     0.046   0.904   0.002   0.990
  761    1  1.0     0.053   0.924   0.002   0.991
  762    1  1.0     0.049   0.892   0.002   0.990
  763    1  1.0     0.059   0.983   0.002   0.992
  764    1  1.0     0.054   0.946   0.001   0.986
  765    1  1.0     0.065   0.869   0.003   0.995
  766    1  1.0     0.063   1.096   0.022   0.992
  767    1  1.0     0.073   0.986   0.028   0.995
  768    1  1.0     0.061   0.885   0.034   0.997
  769    1  1.0     0.046   0.909   0.002   0.989
  770    1  1.0     0.044   0.908   0.002   0.989
  771    1  1.0     0.076   0.870   0.003   0.994
  772    1  1.0     0.045   0.881   0.002   0.991
  773    1  1.0     0.060   0.999   0.002   0.990
  774    1  1.0     0.053   0.906   0.002   0.991
  775    1  1.0     0.054   0.988   0.002   0.989
  776    1  1.0     0.054   0.891   0.002   0.988
  777    1  1.0     0.069   0.881   0.003   0.994
  778    1  1.0     0.070   0.929   0.002   0.992
  779    1  1.0     0.053   0.983   0.001   0.986
  780    1  1.0     0.070   0.896   0.003   0.994
  781    1  1.0     0.059   0.978   0.002   0.992
  782    1  1.0     0.058   0.918   0.002   0.988
  783    1  1.0     0.058   0.883   0.035   0.997
  784    1  1.0     0.052   0.913   0.002   0.991
  785    1  1.0     0.075   0.975   0.027   0.995
  786    1  1.0     0.059   0.915   0.001   0.987
  787    1  1.0     0.046   0.868   0.002   0.988
  788    1  1.0     0.048   0.942   0.002   0.992
  789    1  1.0     0.045   0.911   0.002   0.989
  790    1  1.0     0.057   0.951   0.002   0.991
  791    1  1.0     0.052   0.884   0.002   0.989
  792    1  1.0     0.062   1.003   0.002   0.991
  793    1  1.0     0.059   0.908   0.002   0.987
  794    1  1.0     0.057   0.884   0.036   0.997
  795    1  1.0     0.073   0.979   0.028   0.995
  796    1  1.0     0.072   0.895   0.003   0.994
  797    1  1.0     0.068   0.915   0.002   0.992
  798    1  1.0     0.065   0.974   0.002   0.991
  799    1  1.0     0.052   0.882   0.002   0.990
  800    1  1.0     0.045   0.911   0.002   0.988
  801    1  1.0     0.056   0.937   0.002   0.991
  802    1  1.0     0.045   0.913   0.002   0.989
  803    1  1.0     0.047   0.941   0.002   0.992
  804    1  1.0     0.046   0.870   0.002   0.988
  805    1  1.0     0.071   0.984   0.029   0.996
  806    1  1.0     0.045   0.941   0.002   0.990
  807    1  1.0     0.057   0.892   0.035   0.997
  808    1  1.0     0.040   0.863   0.002   0.990
  809    1  1.0     0.087   0.867   0.002   0.991
  810    1  1.0     0.046   0.942   0.002   0.990
  811    1  1.0     0.047   0.901   0.002   0.990
  812    1  1.0     0.060   0.884   0.035   0.997
  813    1  1.0     0.070   0.965   0.029   0.996
  814    1  1.0     0.061   1.082   0.022   0.993
  815    1  1.0     0.064   0.864   0.003   0.995
  816    1  1.0     0.056   0.936   0.001   0.986
  817    1  1.0     0.060   0.989   0.002   0.992
  818    1  1.0     0.049   0.891   0.002   0.990
  819    1  1.0     0.045   0.890   0.002   0.990
  820    1  1.0     0.045   0.922   0.002   0.991
  821    1  1.0     0.044   0.906   0.002   0.990
  822    1  1.0     0.050   0.905   0.002   0.991
  823    1  1.0     0.050   0.890   0.002   0.989
  824    1  1.0     0.059   0.962   0.002   0.991
  825    1  1.0     0.055   0.984   0.001   0.986
  826    1  1.0     0.068   0.856   0.003   0.995
  827    1  1.0     0.060   1.090   0.022   0.992
  828    1  1.0     0.070   0.968   0.029   0.996
  829    1  1.0     0.057   0.888   0.034   0.997
  830    1  1.0     0.054   0.931   0.002   0.991
  831    1  1.0     0.045   0.903   0.002   0.990
  832    1  1.0     0.057   0.966   0.002   0.992
  833    1  1.0     0.046   0.950   0.002   0.992
  834    1  1.0     0.045   0.866   0.002   0.988
  835    1  1.0     0.069   0.927   0.002   0.992
  836    1  1.0     0.065   0.886   0.002   0.992
  837    1  1.0     0.071   0.896   0.003   0.994
  838    1  1.0     0.074   0.893   0.003   0.994
  839    1  1.0     0.051   0.885   0.037   0.998
  840    1  1.0     0.071   0.994   0.028   0.995
  841    1  1.0     0.053   0.915   0.001   0.986
  842    1  1.0     0.053   0.882   0.038   0.998
  843    1  1.0     0.056   0.993   0.002   0.991
  844    1  1.0     0.049   0.878   0.002   0.990
  845    1  1.0     0.054   0.928   0.002   0.990
  846    1  1.0     0.045   0.910   0.002   0.989
  847    1  1.0     0.045   0.881   0.002   0.991
  848    1  1.0     0.048   0.866   0.002   0.987
  849    1  1.0     0.046   0.932   0.002   0.992
  850    1  1.0     0.043   0.908   0.002   0.989
  851    1  1.0     0.056   0.937   0.002   0.990
  852    1  1.0     0.051   0.881   0.037   0.992
  853    1  1.0     0.048   0.872   0.002   0.991
  854    1  1.0     0.045   0.871   0.002   0.991
  855    1  1.0     0.055   0.914   0.002   0.988
  856    1  1.0     0.074   0.976   0.027   0.995
  857    1  1.0     0.059   0.884   0.036   0.997
  858    1  1.0     0.071   0.896   0.003   0.994
  859    1  1.0     0.070   0.943   0.002   0.992
  860    1  1.0     0.073   0.983   0.028   0.995
  861    1  1.0     0.059   1.010   0.033   1.003
  862    1  1.0     0.055   0.911   0.001   0.986
  863    1  1.0     0.056   1.018   0.031   1.004
  864    1  1.0     0.059   0.995   0.002   0.991
  865    1  1.0     0.060   1.011   0.033   1.004
  866    1  1.0     0.052   0.888   0.002   0.989
  867    1  1.0     0.056   1.017   0.033   1.005
  868    1  1.0     0.058   0.963   0.002   0.991
  869    1  1.0     0.062   1.013   0.033   1.005
  870    1  1.0     0.046   0.907   0.002   0.990
  871    1  1.0     0.062   1.015   0.031   1.006
  872    1  1.0     0.048   0.940   0.002   0.992
  873    1  1.0     0.058   1.011   0.033   1.003
  874    1  1.0     0.050   0.869   0.001   0.987
  875    1  1.0     0.056   1.017   0.032   1.005
  876    1  1.0     0.046   0.933   0.002   0.990
  877    1  1.0     0.060   1.012   0.034   1.004
  878    1  1.0     0.044   0.878   0.002   0.988
  879    1  1.0     0.056   1.021   0.031   1.005
  880    1  1.0     0.047   0.950   0.002   0.991
  881    1  1.0     0.061   1.011   0.033   1.004
  882    1  1.0     0.045   0.910   0.002   0.989
  883    1  1.0     0.059   1.012   0.033   1.004
  884    1  1.0     0.088   0.864   0.002   0.990
  885    1  1.0     0.060   1.012   0.033   1.004
  886    1  1.0     0.059   0.884   0.035   0.997
  887    1  1.0     0.055   1.017   0.032   1.005
  888    1  1.0     0.073   0.947   0.028   0.996
  889    1  1.0     0.056   1.018   0.032   1.005
  890    1  1.0     0.067   0.878   0.003   0.994
  891    1  1.0     0.061   1.012   0.034   1.004
  892    1  1.0     0.055   0.921   0.001   0.987
  893    1  1.0     0.061   1.011   0.033   1.004
  894    1  1.0     0.055   0.996   0.002   0.990
  895    1  1.0     0.062   1.013   0.033   1.005
  896    1  1.0     0.051   0.883   0.002   0.991
  897    1  1.0     0.062   1.014   0.033   1.005
  898    1  1.0     0.059   0.954   0.002   0.990
  899    1  1.0     0.060   1.010   0.033   1.003
  900    1  1.0     0.053   0.966   0.001   0.986
  901    1  1.0     0.061   1.013   0.034   1.005
  902    1  1.0     0.057   0.932   0.030   0.987
  903    1  1.0     0.059   1.014   0.033   1.004
  904    1  1.0     0.060   0.894   0.032   0.997
  905    1  1.0     0.057   1.015   0.033   1.005
  906    1  1.0     0.068   0.949   0.029   0.996
  907    1  1.0     0.056   1.016   0.032   1.004
  908    1  1.0     0.060   1.070   0.022   0.992
  909    1  1.0     0.058   1.015   0.032   1.004
  910    1  1.0     0.065   0.850   0.003   0.995
 computing Vecp ...
 PTB H matrix iteration                      1  done. Now solving ...
 S before filtering:
   dimension                                    9094
   nonzero elements                         12412864
   sparsity                     0.150093573419258     
   average elements per column                  1364
 S after filtering:
   dimension                                    9094
   nonzero elements                          6152364
   sparsity                     7.439300855435126E-002
   average elements per column                   676
 H before filtering:
   dimension                                    9094
   nonzero elements                         57666892
   sparsity                     0.697295151889396     
   average elements per column                  6341
 H after filtering:
   dimension                                    9094
   nonzero elements                         13573684
   sparsity                     0.164129949061216     
   average elements per column                  1492

Total solve2                                  43.637278080 sec
* sygvd solver                                40.840126991 sec

nel: 3076, nel_calc:      3076.00000000
 nel in P=   3076.00000000001      required nel=                  3076
 idempotency deviation  1.522426499103724E-012  9.999999747378752E-005
 Stupid simple implementation of the submatrix method:                     2                     2
 number of submatrices=                   910
 average sm dim=                  1888
 effort for full matrix ops=   752081402584.000     
 sums of efforts for submatrices=   8203868855742.00     
 ratio   10.9082192799279     
 muiter                     1 mu  0.000000000000000E+000   7039.63837619170      of                  3076
 muiter                     2 mu  -5.00000000000000       0.000000000000000E+000 of                  3076
 muiter                     3 mu  -2.50000000000000        1456.02233416933      of                  3076
 muiter                     4 mu  -1.25000000000000        3958.64750171947      of                  3076
 muiter                     5 mu  -1.87500000000000        3065.92462574716      of                  3076
 muiter                     6 mu  -1.56250000000000        3125.08353252175      of                  3076
 muiter                     7 mu  -1.71875000000000        3076.02512711029      of                  3076
 muiter                     8 mu  -1.79687500000000        3075.97911712998      of                  3076
 muiter                     9 mu  -1.75781250000000        3076.00385144686      of                  3076
 muiter                    10 mu  -1.77734375000000        3075.99344853251      of                  3076
 muiter                    11 mu  -1.76757812500000        3075.99793202690      of                  3076
 muiter                    12 mu  -1.76269531250000        3076.00078445847      of                  3076
 muiter                    13 mu  -1.76513671875000        3075.99928630266      of                  3076
 muiter                    14 mu  -1.76391601562500        3076.00006842775      of                  3076
 muiter                    15 mu  -1.76452636718750        3075.99970403442      of                  3076
 muiter                    16 mu  -1.76422119140625        3075.99977211735      of                  3076
 iteration of chemical potential converged

Submatrix                                   4134.705662012 sec
* submatrix stats                              0.618672132 sec
* mu iter                                   4134.086311102 sec
* submatrix construction                    1351.119886398 sec
* submatrix eigendecomp                     1410.214112997 sec
* submatrix P                                779.120920658 sec
* submatrix Nel                              583.632923603 sec
*                                              0.000000000 sec
* submatrix return results                     3.977635384 sec
*                                              0.000000000 sec
*                                              0.000000000 sec

 first elements Pref   1.15683596034963       0.687758695168575       0.484827511501462       2.176460233387172E-002 -1.175200382225699E-003  0.373348659445583      -1.715172645297455E-002 -2.593483924367185E-003 -7.908465562707032E-003  0.373773022831119     
 first elements P      1.15683809472457       0.687761153637318       0.484830582146850       2.176451255621821E-002 -1.175456399844114E-003  0.373348354431508      -1.715076475620372E-002 -2.592668727556488E-003 -7.908507567965706E-003  0.373773295132641     
 Sparsity of Pref:
   dimension                                    9094
   nonzero elements                         82656104
   sparsity                     0.999459110667273     
   average elements per column                  9089
 Sparsity of P:
   dimension                                    9094
   nonzero elements                         17208492
   sparsity                     0.208081233906753     
   average elements per column                  1892
 maximal deviation in density matrix  1.218043735705237E-002              27676296  0.000000000000000E+000  1.218043735705237E-002
 MSE of density matrix  9.748568676997925E-008
 Tr(H Pref)=  -8398.97191736969     
 Tr(H P)=  -8398.96134513604     
 energy deviation abs(Tr(H P)-Tr(H Pref))=  1.057223365205573E-002
 energy deviation per atom abs(Tr(H P)-Tr(H Pref))/n=  1.161783917808322E-005
nel: 3076, nel_calc:      3075.99959044
 nel in P=   3075.99959044370      required nel=                  3076
