* # Powell done.      
1
           5 s 
   81.6049651113429       8.313381907375307E-003
   12.4219480770809       6.240824574233422E-002
   2.84928142442835       0.299603867334163    
  0.790232799874432       0.968606168503741    
  0.228995966168894        1.24146467026915    
           3 s 
  0.288057818781936       5.809839525401941E-002
  0.101692402779267       9.672294753408792E-002
  5.219140953844184E-002  0.237884001256779    
           2 p 
   1.41924248826317       0.722309293070584    
  0.288458693360081        1.51564846467944    
*
* # Powell done.        
2
           5 s 
   276.820578610990       4.824541242791049E-003
   41.0997915185959       3.735575351378722E-002
   9.33790793114114       0.177855632009853    
   2.64127280031712       0.534330550005040    
  0.804986696057360        1.00197872576221    
           2 s 
  0.282670915797928       0.289162909426519    
  0.123794479075003       7.170646350322669E-002
           2 p 
   1.11741082287898        1.05184395716483    
  0.196687491325204       0.139032894600000    
*
* # Powell done.
3
           5 s 
   260.881269829003       7.988873000932857E-003
   39.3379621781792       5.877897015826649E-002
   8.88952403732339       0.250631977273805    
   2.30359177156667       0.602037359079825    
  0.668655609713553       0.473945869064852    
           3 s 
  0.630693561943455      -0.140736595204398    
  6.132533384196833E-002  0.877466933978721    
  1.238413009602383E-002  3.460291359542526E-002
           2 s 
  1.822777723386548E-002   1.04879699562037    
  8.346564968895406E-003 -8.617369935340752E-002
           3 p 
   1.51688359260388       9.173534469375684E-002
  0.236161102126629       0.458652355737220    
  7.433988162213367E-002  0.676810299640361    
           2 d 
  0.226512227654833       0.749852987148303    
  8.538135914120415E-002  0.832236499792241    
*
* # Powell done.
4
           5 s 
   506.017027690482       5.753527219125525E-003
   76.4687545924006       4.236803238392434E-002
   17.3693476653473       0.183908703230871    
   4.62932356082376       0.459105390728384    
   1.36924457148242       0.393464542005102    
           3 s 
   1.63340990562362      -0.140376700768322    
  0.158579705798914       0.963706883266326    
  7.168416589302036E-002  8.792931701897086E-002
           2 s 
  5.985954826816350E-002  0.943939733609208    
  3.188540616324911E-002  0.949099608698291    
           3 p 
   2.82298472583121       2.584893254625343E-002
  0.482213997936986       0.145613207794421    
  0.125956523430513       0.203476621644034    
           2 d 
  0.450245741954285        1.01781744118929    
  0.117801920950628       0.925341674457725    
*
* # Powell done.
5
           4 s 
   1.54634207146545      -0.378429447014580    
   1.23506809124124       0.298933673133918    
  0.294098083256168       0.378325861672185    
  0.107046188038188       0.251124669327107    
           2 s 
  0.159676798453772       0.123048398424540    
  4.788161212727706E-002  7.339645050505321E-002
           4 p 
   7.04160606301121       3.153037005006673E-002
   1.84770646661861       0.169510465550003    
  0.546462854140651       0.520510228492836    
  0.175985568888874       0.467528193827585    
           2 p 
  0.149225369888153        1.22453219390303    
  5.202585885683682E-002   1.71016577351286    
           2 d 
  0.689181666100897        1.12876309359972    
  0.210059475233939        1.39444101197822    
*
* # Powell done.
6
           4 s 
   2.17153156497867      -0.273944976654564    
   1.84949129475830       0.238755185728928    
  0.453238896797527       0.191438369850886    
  0.151110045000692       7.164081712871219E-002
           2 s 
  0.235734669124648       0.999799023497184    
  9.915727874925918E-002   1.03862607288636    
           4 p 
   13.0057319645034       2.453685010725772E-002
   3.32147534346309       0.151747919896724    
  0.989754631518011       0.442634427303923    
  0.361315777478388       0.485064330305855    
           2 p 
  0.154153809327631        1.60309197570295    
  7.004599672014855E-002  0.776680993246582    
           2 d 
   1.03092204466148       0.822247627745934    
  0.247164421624011       0.881682877130923   
*
* # Powell done.
7
           4 s 
   2.72874605672035      -0.235623161276894    
   2.18866527734574       0.221735517704179    
  0.596121685871383       0.191150070921399    
  0.231836465759260       8.933478629509957E-002
           2 s 
  0.296066070338073       0.712677395280426    
  0.114461040724248       0.942045378718183    
           4 p 
   19.8409932489339       1.145953741253022E-002
   5.02457212443688       7.195544967440624E-002
   1.52574078456813       0.203963289821548    
  0.528814493480710       0.263696213100927    
           2 p 
  0.193874670011094        1.33317207249082    
  7.439347820820037E-002  0.397518286344070    
           2 d 
   1.26473358049398        1.21037674580638    
  0.380599067858022        1.19253674054457    
*
* # Powell done.
8
           4 s 
   3.48706609531148      -0.260557520356352    
   2.70247062282256       0.267315163747908    
  0.633025625215441       0.286219551606814    
  0.195402499205074       0.231913081537088    
           2 s 
  0.262706655602646        1.01701962045434    
  0.149871147113786        1.02715633243957    
           4 p 
   29.0487312694831       1.203497194708440E-002
   7.28025846650531       7.530401921319758E-002
   2.15738096960643       0.220369384517832    
  0.684819095143410       0.317552105167395    
           2 p 
  0.225419528719634        1.27284077789724    
  8.749552452192727E-002  0.364044697509939    
           2 d 
   1.30730902025719       0.962148942626034    
  0.388219225424872       0.779182280022956    
*
* # Powell done.
9
           4 s 
   7.06389531224012      -0.444045621815151    
   4.74071819691599       0.233993075351816    
   1.33644305462537       0.678815235817210    
  0.529763205612647       0.816412835557999    
           2 s 
  0.814068281351632       0.136953177173618    
  0.197892957116282       0.997947204502876    
           4 p 
   35.4755058394962       2.698549854832534E-002
   9.09636256911682       0.133840056136227    
   2.69028382940240       0.377134789171684    
  0.835841650562165       0.518522665427392    
           2 p 
  0.262915550010970       0.939715660579029    
  8.178535573198058E-002  0.202908069975180    
           2 d 
   1.43209152648285        1.35098989421107    
  0.431751281885684        1.37605574124044    
*
* # Powell done.
10
           4 s 
   8.88418102216082      -0.378534257321022    
   7.37297213956837       0.234191104237609    
   1.71852265662174       0.506105064368676    
  0.667805157081990       0.569229052111747    
           2 s 
  0.778943422234682       0.106853622749481    
  0.272925230107002       0.944078603187423    
           4 p 
   60.5773358042251       1.908288922445350E-002
   15.4627782833560       0.129819285837100    
   4.74838636257873       0.384246929416766    
   1.62852038451053       0.606969071906446    
           2 p 
  0.563035084584955        1.86921705348105    
  0.189402606669921       0.600570309054612    
           2 d 
   2.08172521024640       0.767687786995574    
  0.473157604055280        1.63876762896439    
*
* # Powell done.
11
          4 s 
   17.8230236089860      -9.518458030205482E-002
   1.73960747179909       0.459877737096898    
  0.657682940800285       0.378877152685665    
  0.351704012585393       0.108998694209436    
           3 s 
  0.931359260875555        1.06021715738120    
  0.340302176106182       0.972290275522560    
  3.175349992284858E-002  0.759653412422918    
           2 s 
  6.745734957137327E-002  0.503884265678953    
  2.904783862325262E-002  0.815954867210636    
           5 p 
   93.1510265396947       2.204026844079700E-002
   22.4692878022356       0.139509367854753    
   7.23099279412004       0.455729080586126    
   2.57018724511214       0.827432523559890    
  0.891971080621272       0.845611875034062    
           3 p 
   2.89156128192177      -6.064567144967057E-003
  0.291649277908929       0.473604723090112    
  5.216631929050707E-002  2.550050945967810E-002
           2 d 
  0.203651687115004       0.588355607911375    
  6.189425448818631E-002   1.20476088016682    
*
* # Powell done.
12
           4 s 
   21.6908373437678      -0.106077016693574    
   2.09812608037456       0.556192954813278    
  0.865884372551741       0.361725092851718    
  0.613037327273291       0.128646183150428    
           3 s 
   1.47665689508218       0.995824715558952    
  0.721438592315005       0.816668219528367    
  6.514919336486706E-002  0.651435359692910    
           2 s 
  0.108810544138415        1.06524666720761    
  4.836758493889146E-002  0.980511575156350    
           5 p 
   96.6133666752598       2.076115074326490E-002
   22.6416759131047       0.134431361150697    
   6.97900164762902       0.423825237349444    
   2.32838106416290       0.670963766579922    
  0.767712580356395       0.459141821560216    
           3 p 
   3.38059578617208      -4.495624315249904E-003
  0.167286977801642       0.439950220867852    
  5.360639352165406E-002  0.219870948402789    
           2 d 
  0.282996744580713       0.896719326968206    
  7.875116602816372E-002   1.10067552074193    
*
* # Powell done.
13
           4 s 
   3.21321954281265       3.592538287388668E-002
   1.07227928874988      -0.285456797901420    
  0.219135760792302       0.371895956216072    
  0.106096883467853       0.478518691932962    
           2 s 
  0.104515278202321       0.277349101476630    
  4.431949579985697E-002  0.441820495711233    
           4 p 
  0.955539867830758      -9.841711147668600E-002
  0.417392917871948       0.195731157170973    
  0.182050861588453       0.348963195270396    
  9.459364292628919E-002  0.291523585914556    
           2 p 
  0.105617608393455       0.845765697521211    
  3.894197543374266E-002  0.864038650393994    
           2 d 
  0.658666415798019       0.499079379531199    
  0.181947515987843        1.04290219939010   
*
* # Powell done.
14
           4 s 
   4.18588595837349       3.582879759723383E-002
   1.38109990310817      -0.275956839605221    
  0.265330789410373       0.504525314279117    
  0.115151120898628       0.363331882483931    
           2 s 
  0.142802016554095       0.215285691088247    
  4.993846539166880E-002   1.10927754730949    
           4 p 
   1.37169386395945      -4.518675521245455E-002
  0.388368279077137       0.295930753858522    
  0.154218339979350       0.375257203118225    
  6.917311743002708E-002  6.934202057823596E-002
           2 p 
  0.123038250621497       0.460333817442698    
  4.308305310662814E-002  0.813119204536377    
           2 d 
   1.24803827586102       0.301452383403166    
  0.305111190955530        1.13341266334888    
*
* # Powell done.
15
          4 s 
   7.56434646396511       3.538629776051857E-002
   1.52718512935828      -0.400095930869651    
  0.376270139819829       0.619414925382732    
  0.181871148569952       0.649489592916900    
           2 s 
  0.440166190023180       6.458940701809564E-002
  7.688078462049694E-002  0.623407378858759    
           4 p 
   1.21393609078446      -6.844472597807943E-002
  0.713800627871398       0.181519884170104    
  0.287793077890001       0.364847992664996    
  0.121951723304667       0.201172711621598    
           2 p 
  0.114339838011816       0.604785241408709    
  4.816074937843434E-002  0.658277948693040    
           2 d 
   1.66914150032280       0.247126307257593    
  0.348685264466878        1.02765950200742    
*
* # Powell done.
16
           4 s 
   7.71396463618616       4.559865108147523E-002
   1.91546725091181      -0.469891626967447    
  0.528509388835065       0.564016083002888    
  0.232571764942572       0.847190681986793    
           2 s 
  0.484665182922134       0.127627214876575    
  8.250780077664424E-002  0.952629878417427    
           4 p 
   1.73190690695901      -0.169271191296633    
   1.16809290394877       0.244420330568753    
  0.471771353616604       0.494043314339066    
  0.208337733746539       0.492918054422996    
           2 p 
  0.119221091073713       0.704503246698940    
  6.511433591946206E-002  0.777819163025408    
           2 d 
   1.78933184611479       0.297505302082283    
  0.404086332336597        1.09196684511863    
*
* # Powell done.
17
           4 s 
   17.1153901433890       1.524847091251512E-002
   1.99330858682230      -0.396887550406568    
  0.925317369846731       0.355757019202614    
  0.310876727812197       0.730130843470565    
           2 s 
  0.519084462557444       0.184864670138859    
  9.777975424153532E-002  0.910362944953887    
           4 p 
   2.77229921731978      -0.138033404043389    
   1.37790104843188       0.227351931409354    
  0.611450974899033       0.706732078925238    
  0.260581934484122       0.759032223941579    
           2 p 
  0.130958099065820        1.05784685574875    
  7.062114706136614E-002  0.678026899457920    
           2 d 
   1.44426461759870       0.687521482160903    
  0.388582365635463        1.68857790930971    
*
* # Powell done.
18
           4 s 
   2.13772181446472      -0.557174608589383    
   1.86277459325975       2.148526245344956E-002
   1.28502296457945       0.455322807077625    
  0.423918689254687       0.662053582011007    
           2 s 
  0.381776686098201       6.875544535843398E-002
  0.166339784986674        1.57181462598454    
           4 p 
   3.31910734603378      -7.553941359444721E-002
   1.08689689332322       0.513923167775549    
  0.421119903784283       0.779194377505700    
  0.170055102409120       0.183355771909680    
           2 p 
  0.182655828726050        1.55280816849162    
  8.105992392518421E-002  0.557076572235801    
           2 d 
   1.22693411939643       0.895479446248790    
  0.342564880009783        1.02061533238570    
*
* # Powell done.
19
           4 s 
   2.97827101934855       0.104850448497812    
   2.75682994039882      -0.655682023977331    
   1.17826642189469       0.360160443108065    
  0.506279643357778       0.595938662561467    
           3 s 
   3.01327076276115       0.272186975204508    
  0.922568866317130       0.253356421269185    
  0.245566939793457       0.857096439956463    
           2 s 
  3.837172504966778E-002  0.178392303741444    
  2.197785744178839E-002  0.104952948008895    
           4 p 
   10.0766042713362      -3.928712436182848E-002
  0.967063251200917       0.704224206357437    
  0.359443741675358       0.651491787356415    
  0.133376223726811       0.147669718212767    
           2 p 
  7.255557406557529E-002  0.613788345753512    
  2.544296432902025E-002   1.02997086125359    
           2 d 
  0.347629699385794        1.00036572976032    
  7.674097565748397E-002  0.906340849892252    
*
* # Powell done.
20
           4 s 
   3.55781874147340      -9.711197587487459E-002
   1.48473192647179       0.180746120620656    
  0.543513292788833       0.480678630050567    
  0.294374001686452       0.385370528648152    
           3 s 
   3.11249467592628      -0.150229253819124    
  0.914394568943794       0.225600513786091    
  5.372050547383633E-002  0.385830943792297    
           2 s 
  5.749461447245298E-002   1.82133049573981    
  3.655246660168589E-002  0.317451462926688    
           4 p 
   10.4006443580887      -2.209789143994762E-002
   1.19462860463888       0.298317604059843    
  0.532349097575426       0.228431649348114    
  0.273885305037292       0.121425693397558    
           2 p 
  9.530912979508142E-002  0.550307155494009    
  5.007593510164062E-003  4.907262539124511E-002
           2 d 
   1.37118581682410       0.397023817344853    
  0.238610647139103       0.871441702081965    
*
* # SG opt.
21
   5  s
       13.1927760120        0.0923057392
        5.0447312614       -0.5591242831
        1.1410855684        0.5098929327
        0.8506790908        0.3579640570
        0.4727764285        0.2022385551
   2  s
        0.7217675590        0.4697112594
        0.3511059570        0.5434369328
   2  s
        0.0785853188        1.2762773721
        0.0324092234        0.7392204690
   4  p
        6.3915543869       -0.0928175962
        1.9074205410        0.3632920447
        0.7980490824        0.6192120806
        0.3217474875        0.2658228569
   2  p
        0.0898561722        1.2900039758
        0.0317015556        1.2630585031
   4  d
       14.5154939680        0.0499969030
        4.2834073800        0.2152573484
        1.4388396021        0.4770245649
        0.4901711801        0.5899564005
   2  d
        0.1792837812        1.2444412731
        0.0726134431        0.4563829706
*
* # SG opt.
22
   5  s
       15.0436024170        0.1088554758
        5.4485037289       -2.1732471507
        5.3644868350        1.4864633553
        1.2940429522        0.8540394486
        0.3314710534        0.2123105935
   2  s
        0.6745268343        0.8929408273
        0.3085030777        0.0250539843
   2  s
        0.0795013098        1.1294259913
        0.0315423647        0.4500344843
   4  p
        7.0649720947       -0.0352275935
        2.3748017580        0.1097861553
        0.9891488122        0.2188108191
        0.3878807129        0.1027459469
   2  p
        0.1037378955        1.6886389504
        0.0349904571        1.8853937015
   4  d
       25.0864814180        0.0389775427
        8.1193467061        0.2034407523
        2.9038716920        0.5510056190
        1.0871666255        0.8653101736
   2  d
        0.3990961032        1.3345940331
        0.1352955591        0.6313296775
*
* # SG opt.
23
   5  s
       16.2634620860        0.1110139945
        6.4100011002       -0.6349574688
        1.4458874032        0.5768756524
        1.2871017575        0.1898220794
        0.4457337564        0.0816633437
   2  s
        0.8834597653        1.8381302599
        0.4662562454        1.0986831210
   2  s
        0.0947280593        1.4271039526
        0.0377708190        0.7863206107
   4  p
        8.1229645811       -0.0812193521
        2.5751901358        0.2857055187
        1.0702100003        0.5113211982
        0.4209825756        0.2200490235
   2  p
        0.1173161582        0.6378315552
        0.0382862730        0.7664643605
   4  d
       27.9677519320        0.0343779149
        9.0642238019        0.1755761367
        3.2666115785        0.4609104030
        1.2443023327        0.6864229836
   2  d
        0.4654676234        1.3123420599
        0.1586730212        0.5974978239
*
* # SG opt.
24
   5  s
       18.9416200830        0.0969349333
        6.9853650850       -0.6247330309
        1.7584536372        0.5857021048
        0.9527409270        0.7012805918
        0.4750588801        0.1162397794
   2  s
        1.1157778439        0.9473497011
        0.4568828430        1.1378139029
   2  s
        0.1211250573        1.1774270803
        0.0466098223        1.0153894387
   4  p
        9.3519007283       -0.0670652037
        2.7520450431        0.2673083145
        1.1570359613        0.4291100855
        0.4614572032        0.1797190481
   2  p
        0.1312266020        0.7433751798
        0.0417676714        0.9250834431
   4  d
       31.2497064810        0.0369372498
       10.0984256340        0.1854549087
        3.6715067096        0.4753743355
        1.3966456591        0.6988799006
   2  d
        0.5167098969        1.3492292534
        0.1761098367        0.5744121052
*
* # SG opt.
25
  5  s
       20.6705842290        0.1068546104
        7.8393671123       -0.6535961778
        1.8391535810        0.6987365049
        1.0935334575        0.5854119773
        0.6040603892        0.3017456673
   2  s
        1.1445303376        1.3836392057
        0.4659238940        1.1321199264
   2  s
        0.1216893133        1.5375087946
        0.0462801711        1.1340310733
   4  p
       10.3954272420       -0.1075010648
        3.1508380574        0.3958197484
        1.3307492752        0.6750442004
        0.5242874549        0.2942863629
   2  p
        0.1346992902        1.0970250640
        0.0419027232        1.4088672485
   4  d
       40.7963343880        0.0386151592
       13.2509870520        0.2187818192
        4.8163303545        0.6040013174
        1.8302815738        0.9513105751
   2  d
        0.6722334286        1.3691694099
        0.2241833317        0.6690397482
*
* #fe modified-LANL2DZ from Ref. B7
26
   5  s
       22.6345589400        0.0932860511
        8.7560299101       -0.5480212787
        1.7895979960        0.9269253443
        0.8316972516        0.6005132929
        0.4156777540        0.1369623381
   2  s
        1.2101261132        0.6663585535
        0.4196546076        0.8382864852
   2  s
        0.1370373691        1.1364271089
        0.0510540604        0.9999683345
   4  p
       11.6363109270       -0.0869429501
        3.4019789643        0.3449783513
        1.4073126804        0.5527369755
        0.5468198206        0.2144073408
   2  p
        0.1281585311        0.7651454522
        0.0330130274        1.3315725681
   4  d
       44.0732677180        0.0320272033
       14.1407750080        0.1796706508
        5.0824605288        0.4878980601
        1.9190750026        0.7283582007
   2  d
        0.7131322861        1.3329707451
        0.2472176429        0.6046139132
*
* # SG opt.
27
  5  s
       22.9197245450        0.1148394759
        9.8522175502       -0.5783055268
        2.0939960259        0.7354713123
        1.1643922296        0.6180021298
        0.5820109964        0.2401318033
   2  s
        1.3751163711        0.7794721861
        0.4036478320        1.1926265093
   2  s
        0.1688373713        1.0793783095
        0.0566452910        1.1151107401
   4  p
       13.0785339870       -0.1007651229
        3.7675576597        0.3948116746
        1.5975030944        0.6383398728
        0.6273312405        0.2690822593
   2  p
        0.1515378889        0.8858896725
        0.0456068202        1.2002394749
   4  d
       48.5717547180        0.0365777767
       15.7775830680        0.1965242397
        5.8123729942        0.5237988583
        2.2260123621        0.7917821103
   2  d
        0.8198181666        1.4184268221
        0.2731015355        0.6908085442
*
* # SG opt.
28
   5  s
       28.0949526070        0.1045176390
       10.3075932650       -0.6825120734
        2.3082356166        0.9090039071
        1.1444753069        0.5240624573
        0.9730339313        0.1163037017
   2  s
        1.5964041965        0.4820826546
        0.6087387284        0.5749600397
   2  s
        0.1528699837        1.1133311085
        0.0556145979        0.9736149283
   4  p
       14.6880049770       -0.1195156283
        4.4078700906        0.3781662402
        1.8666322229        0.6700749681
        0.7229867719        0.3015882447
   2  p
        0.1662568914        0.8563847161
        0.0486750032        1.2053528192
   4  d
       55.3633173460        0.0394274548
       17.6975956240        0.2375096577
        6.6102007072        0.6442674036
        2.5351272743        0.9761883698
   2  d
        0.9266787035        1.3552606795
        0.3040402618        0.6660071208
*
* # SG opt.
29
  5  s
       31.2834991670        0.0873004956
       11.1143403360       -0.6073952423
        2.5771373426        0.7979351079
        1.2939957781        0.6927523955
        0.6052868678        0.1315354508
   2  s
        1.7970742422        0.7967154468
        0.7028333687        1.0382154923
   2  s
        0.1612528535        1.2944421321
        0.0583862735        1.1582080724
   4  p
       16.1955387710       -0.1022083549
        4.4638779576        0.4164423358
        1.9084439769        0.6525733655
        0.7488437622        0.2757319543
   2  p
        0.1789073560        0.8917124583
        0.0514474250        1.2849871056
   4  d
       63.7206598430        0.0322084053
       20.3919220960        0.1859288258
        7.4491822575        0.5154863085
        2.8337903053        0.7927127831
   2  d
        1.0308538592        1.1989254813
        0.3360904350        0.6059705859
*
* # SG opt.
30
   5  s
       34.6053919050        0.0659880396
       11.9427093390       -0.4860671234
        2.9566101312        0.5205234801
        1.7466744635        0.3947042835
        0.9035821156        0.2084705780
   2  s
        1.5480267353        1.1567218082
        0.6536015129        0.4351644447
   2  s
        0.1532877205        1.2590718529
        0.0559576142        0.8965561323
   4  p
       18.3700073130       -0.0729787095
        4.6786635219        0.3334005200
        1.9833438284        0.4810155237
        0.7758652880        0.1856151395
   2  p
        0.1783543700        0.8640985402
        0.0505064541        1.2674821352
   4  d
       69.9096168470        0.0382639713
       22.3941135190        0.2177449958
        8.2346440004        0.6018188692
        3.1509357422        0.9247671454
   2  d
        1.1490360654        1.2696194253
        0.3730838079        0.6537330780
*
* # Powell done.
31
          4 s 
   3.70134179720472       7.364266228701138E-002
   1.59005571959825      -0.276573936013542    
  0.224185888525729       0.331503912839138    
  0.109814003734670       0.359298875594761    
           2 s 
  0.171182512516180       0.191788314651537    
  5.728398756716454E-002  0.831615865561800    
           4 p 
   1.26749532673174      -0.124335086077476    
  0.485665053590965       0.169078840229857    
  0.158834580737876       0.437491107771452    
  6.012006212583975E-002  0.184003017235545    
           2 p 
  0.113116081902642       0.737325491195643    
  4.257922186390191E-002   1.29353533544661    
           2 d 
  0.368287842637685       0.711981265148656    
  0.126153842707629        1.31486638037614    
*
* # Powell done.
32
           4 s 
   3.56017274443233       0.108623592994871    
   1.75945153350374      -0.339517561457492    
  0.286064976522574       0.281032083285180    
  0.167462423143929       0.341498951801316    
           2 s 
  0.222270527596146       0.138130986858483    
  6.930232808426590E-002  0.734580025693839    
           4 p 
   1.43419762945033      -0.109078383156897    
  0.412131223588710       0.251437392647070    
  0.150955881984697       0.521730530939719    
  5.087385386241908E-002  0.477302377275944    
           2 p 
  0.135842732289390       0.502669040409750    
  4.784907321584991E-002   1.30397539072793    
           2 d 
  0.406598931565359       0.876770497422958    
  0.154204885692030       0.981237382888310    
*
* # Powell done.
33
           4 s 
   3.51021542031351       0.168889065926973    
   1.89060764000369      -0.525949975569566    
  0.282212275191871       0.775802775806485    
  0.156270027146911       0.294441332749375    
           2 s 
  0.364345941833612       0.189607946238591    
  7.700276551449552E-002   1.05944102056308    
           4 p 
   1.41580857091112      -0.157030960585139    
  0.887397127314895       0.137422392996210    
  0.320144433563778       0.273145357015281    
  0.145486984325537       0.246403900474417    
           2 p 
  0.110790022757790       0.856409310394889    
  5.083779986577382E-002   1.16731618701172    
           2 d 
  0.307472713886776       0.851784859407249    
  0.220088447435703        1.05248230635772    
*
* # SG opt.
34
           4 s 
   3.63432293378086       0.230369346554897    
   2.19487595673412      -0.564822543870100    
  0.333285663884140       0.778212532358652    
  0.126634446069816       0.328894817855715    
           2 s 
  0.393620603570305       0.125491451409159    
  7.936318906149778E-002   1.00146941376258    
           4 p 
   1.53486736429060      -0.161985802150786    
  0.911104278055190       0.176531861840778    
  0.349434214941311       0.391746497259617    
  0.147995389432485       0.300648533994728    
           2 p 
  0.186600370296952       0.515822425058448    
  6.247330323688486E-002   1.29806392653118    
           2 d 
  0.361635588480664       0.846800933571461    
  0.239877739788743       0.899491557928110    
*
* # SG opt.
35
           4 s 
   4.26620404120798       0.169472749804692    
   2.44064272586321      -0.484115129424980    
  0.391156388115281       0.725441853357887    
  0.170818526805058       0.307056023210233    
           2 s 
  0.316756945538561       0.135621224607965    
  9.937573019150271E-002  0.753786677473749    
           4 p 
   1.80787817455473      -0.202854737435927    
   1.26543527394668       0.187096950665046    
  0.438350714046944       0.348996220705627    
  0.188679647438868       0.311541332802684    
           2 p 
  0.114374652393512       0.739454909984337    
  6.618553025652396E-002   1.30796431480153    
           2 d 
  0.449889182581825        1.11194902847722    
  0.249852128235921        1.09120545433515    
*
* # Powell done.
36
           4 s 
   4.16585447205690       0.450422653295726    
   2.71483090123341       -1.02381121079322    
  0.570980273426403       0.508154246261934    
  0.363401618712913       0.871174761691120    
           2 s 
  0.404202680541199       4.270832798659481E-002
  0.163464833514577       0.871699520742174    
           4 p 
   4.83705450033099       3.830066121720458E-002
   2.92096106858751      -0.189859433095854    
  0.760763307849343       0.402940868194115    
  0.340012955270519       0.656641803780991    
           2 p 
  0.170195341624297        1.28564104960526    
  8.786389849752184E-002  0.597822806206000    
           2 d 
  0.577892063834446       0.957641239858907    
  0.217086707704239        1.11893944734461    
*
* # Powell done.
37
           4 s 
   3.85147678294708       0.123990676654119    
   2.12721968714106      -0.662473973595729    
  0.734133899499569       0.418097697194191    
  0.411650426417692       0.517416071675251    
           3 s 
   1.29935998439804       0.465239306519881    
  0.872012103164033      -0.175014395722468    
  0.207014545335119       0.958319275930070    
           2 s 
  4.147758149987576E-002  0.200776863035503    
  1.851358333723108E-002  0.161126638138486    
           4 p 
   2.72129649383735      -0.101306928667455    
  0.686997213839149       0.522383635161311    
  0.269363703749076       0.497714877439713    
  0.100366259252153       9.778142142001606E-002
           2 p 
  6.393292489066398E-002  0.790596593591350    
  2.836903847138637E-002   1.43787143029813    
           2 d 
  0.489237931615192       0.679319763202811    
  0.113811623747231        1.17388979087575   
*
* # Powell done.
38
           4 s 
   1.53788696336092      -8.084056991092003E-002
   1.04168228112154       0.803655478011433    
  0.342115700447616       0.389454875068547    
  0.323398901491127       0.125050903432812    
           3 s 
   1.54052467037638       0.740554899398053    
  0.343098686778030       0.124088599849112    
  4.324828295506211E-002   1.04370722317478    
           2 s 
  4.794729423872100E-002   1.26322867788387    
  3.903411186928284E-002   1.05535626868075    
           4 p 
   2.79795900038201      -6.072036191277107E-002
  0.801612630364575       0.284896410233331    
  0.330821342825932       0.258168398598814    
  0.128506043369356       4.862531480836432E-002
           2 p 
  8.551224664407323E-002  0.717111590245588    
  3.048099422363157E-002  0.362527469587548    
           2 d 
  0.692651946737948       0.533894063077847    
  0.192704647015304       0.763662684451690    
*
* # SG opt.
39
   5  s
        5.2510474865       -1.3905913541
        4.2430017713        2.0032497916
        2.0852144019        0.1725270013
        0.5343140121        0.0993959116
        0.4297002445        0.4016626210
   2  s
        0.6490175560        0.6263349329
        0.3084185658        0.2928874600
   2  s
        0.0583827909        1.5869308523
        0.0244366512        0.4507026633
   4  p
        2.4308022660       -0.9022344602
        2.0221263714        0.9233241407
        0.6389141756        0.7668698135
        0.2575663881        0.3447362146
   2  p
        0.0705277876        1.5120626016
        0.0266719032        1.2082919975
   4  d
        2.7417698768       -0.0474882850
        1.3862256803        0.2650370885
        0.5338590953        0.6740766348
        0.2014498612        0.7895224543
   2  d
        0.0801067271        0.9510333447
        0.0339601236        0.2020938317
*
* # SG opt.
40
   5  s
        6.8885791843        0.1828967533
        3.3739241016       -1.9948495499
        3.2564273601        1.4151702989
        0.8151454845        0.6335674643
        0.3393288949        0.2886426086
   2  s
        0.5108821193        0.8856450134
        0.1046055603        0.0192142009
   2  s
        0.0730598707        1.3487172849
        0.0304975572        0.5638342171
   4  p
        2.6523040852       -0.8689206411
        2.1518654998        0.9117804540
        0.6905115181        0.7656986347
        0.2791034743        0.3008334892
   2  p
        0.0849330696        1.3854657140
        0.0308595762        1.2690663373
   4  d
        3.1504336288       -0.0486179209
        1.6133798147        0.2652330119
        0.6319880254        0.6740789409
        0.2408434990        0.7214162890
   2  d
        0.0933474952        1.0241872773
        0.0408873123        0.1821461224
*
* #nb modified-LANL2DZ from Ref. B7
41
   5  s
        7.3339108094        0.1825993819
        3.6751127026       -1.9703053980
        3.5370942173        1.4283446750
        0.8702114414        0.6213674827
        0.3769822075        0.2883391766
   2  s
        0.5931672409        0.8877761596
        0.1034188566        0.0190591031
   2  s
        0.0831917159        1.2915231391
        0.0339729381        0.5822766683
   4  p
        2.8995952486       -0.8653089634
        2.3224592511        0.9147807118
        0.7616448830        0.7711512979
        0.3088680372        0.2929589900
   2  p
        0.0958137745        1.3591725022
        0.0336083022        1.3031580980
   4  d
        3.5476076280       -0.0488543968
        1.8343380022        0.2673735131
        0.7450182177        0.6616157333
        0.2942994009        0.6810380723
   2  d
        0.1154736825        1.1037294243
        0.0482118519        0.1687682802
*
* # SG opt.
42
   5  s
        8.1606739260        0.1748192640
        3.7296536413       -1.9758285795
        3.4896418981        1.4165648191
        0.9330646875        0.6655200897
        0.3993168725        0.2883874862
   2  s
        0.6874900936        0.9005946489
        0.0894997269        0.0187359074
   2  s
        0.0892647303        1.3903828122
        0.0348183626        0.5398774285
   4  p
        3.1233316902       -0.8532198157
        2.4125889779        0.9262187299
        0.8220016068        0.7846407590
        0.3401668384        0.2906872053
   2  p
        0.1064482141        1.3367025584
        0.0364446611        1.3557084080
   4  d
        4.2580765669       -0.0558951765
        2.0806662238        0.2555955206
        0.8779540593        0.6417808450
        0.3589703115        0.6504927965
   2  d
        0.1472559471        1.0375240374
        0.0647274304        0.2012037537
*
* # SG opt.
43
   5  s
        8.7924152838        0.1748691976
        3.8114697712       -1.9723424546
        3.4419841961        1.4289108745
        0.9415313823        0.6642853020
        0.3985788891        0.2687154939
   2  s
        0.8628638310        0.8993046408
        0.0886461786        0.0188172978
   2  s
        0.1666291799        1.3539822317
        0.0636633062        0.5432825079
   4  p
        3.4244583701       -0.8542780203
        2.5924715644        0.9438857924
        0.8801598665        0.8421808675
        0.3512414158        0.2980283396
   2  p
        0.0859352151        1.0899260999
        0.0253383513        1.6843143567
   4  d
        4.7240581783       -0.0600964615
        2.2572794879        0.2513962716
        0.9864295349        0.5888645793
        0.4143370336        0.6138743895
   2  d
        0.1688563499        1.0120675999
        0.0655605178        0.2176095619
*
* # SG opt.
44
   5  s
       10.2534285270        0.1744095485
        3.8815129496       -1.9840277074
        3.2862453095        1.3604703630
        1.0693740099        0.6632939672
        0.4014940526        0.2447968524
   2  s
        0.8111985680        0.8923216966
        0.0831993072        0.0188159525
   2  s
        0.1036644602        1.3045779771
        0.0392358284        0.5669129282
   4  p
        3.7928705890       -0.8582175898
        2.8043242522        0.9408822389
        0.9943849310        0.9359561763
        0.4082403747        0.3439652574
   2  p
        0.1212101537        1.2528442260
        0.0390539775        1.4371456259
   4  d
        5.3770707772       -0.0609688998
        2.4775798196        0.2558839786
        1.0950656738        0.5820902757
        0.4658204079        0.5649644699
   2  d
        0.1902667563        1.2641520832
        0.0725343329        0.1849291322
*
* # SG opt.
45
   5  s
       12.4994377840        0.1577675398
        4.0320208656       -1.8919377929
        2.9576877151        1.3235326426
        1.2757569827        0.6278822587
        0.4375487161        0.2020034565
   2  s
        0.7472320583        0.9042854026
        0.0612756494        0.0224667240
   2  s
        0.0882015905        0.9802079653
        0.0430707324        0.4733388543
   4  p
        4.0723544912       -1.1773582661
        3.4329438457        1.1531988745
        1.2886411914        0.6667318876
        0.4396385112        0.2334532645
   2  p
        0.1185172972        1.6112774576
        0.0396934271        1.9631893139
   4  d
        6.0562204234       -0.0494407062
        2.9228193469        0.3416376242
        1.4427843761        0.6805779802
        0.6540932018        0.7436383402
   2  d
        0.2528045105        1.7688494660
        0.0986900162        0.2287764589
*
* # SG opt.
46
  5  s
       11.6563419610        0.1649297917
        4.2580295174       -1.8552586789
        3.3588991028        1.3801389247
        1.0264625427        0.5969340919
        0.4468562268        0.1739008825
   2  s
        0.9699478696        0.8556670257
        0.1042639418        0.0219030200
   2  s
        0.1110692131        1.0020081590
        0.0426246618        0.4822742601
   4  p
        4.3289405542       -1.1829451226
        3.3660546860        1.2476240935
        1.2175214477        1.0583494606
        0.5145386504        0.4600291736
   2  p
        0.1335548298        1.5909377635
        0.0421912001        1.8960022049
   4  d
        6.8141493908       -0.0434622610
        3.0037358908        0.3098917026
        1.3954952181        0.7036020791
        0.6135047587        0.7011942898
   2  d
        0.2568918214        1.5029565033
        0.0988663600        0.2596596821
*
* # SG opt.
47
   5  s
       11.5941889720        0.1754635710
        4.8789363962       -1.8981016581
        4.2435343990        1.3971995519
        1.1724029505        0.6208355768
        0.4833241414        0.1812593689
   2  s
        1.0766186107        0.8988497258
        0.0626090838        0.0218304079
   2  s
        0.1119988082        1.0192770529
        0.0447047306        0.5056069340
   4  p
        4.5972577819       -1.2186534144
        3.5583697290        1.3134882659
        1.2538259153        1.0954635876
        0.5168495171        0.3983277186
   2  p
        0.1422846385        1.6282026449
        0.0446338237        1.9953964794
   4  d
        7.0441951381       -0.0471725641
        3.2573796296        0.3402842063
        1.4643958043        0.7559992742
        0.6249764877        0.7032205743
   2  d
        0.2590512746        1.6607992837
        0.1019602803        0.2638715789
*
* # SG opt.
48
   5  s
        9.8132753272       -1.8685367148
        7.8061339481        2.7168207583
        6.4156010838        0.1597826388
        1.2108882118        0.1014556708
        0.4025436069        0.0511586107
   2  s
        1.4165923955        0.7801870585
        0.5956860255        0.2735984053
   2  s
        0.1195079455        0.7243373799
        0.0455416924        0.3719107247
   4  p
        4.7527047554       -1.0854319526
        3.9483129938        1.1397888442
        1.3748674225        0.6962743263
        0.5734385895        0.2733255126
   2  p
        0.1405862907        0.8381315964
        0.0433011930        1.0520115915
   4  d
        7.7382255110       -0.0246133530
        3.3670416587        0.2313417339
        1.5169835545        0.4663312379
        0.6560489295        0.4114863444
   2  d
        0.2762998782        1.1752992976
        0.1116638519        0.1834030617
*
* # Powell done.
49
           4 s 
   1.40291928286358       0.195035207593154    
  0.947006037141498      -0.399700480332118    
  0.201617640866643       0.302271789194154    
  7.164088679154894E-002  0.526513233204383    
           2 s 
  0.211986825043867       4.845957924028457E-002
  6.084415855314263E-002   1.11220790019513    
           4 p 
  0.649173206874168      -0.380393093134888    
  0.353131233846717       0.362975639028033    
  0.153039127743618       0.571225445717545    
  5.959697855659803E-002  0.487390884348171    
           2 p 
  0.245073183114040       0.176992375125324    
  4.670503295242703E-002   1.75616396898022    
           2 d 
  0.134500975198761       0.793606422539319    
  9.491308065080693E-002   1.15420723142210    
*
* # Powell done.
50
           4 s 
   2.25252636090259       0.246079658110317    
   1.23408497341095      -0.664840655679326    
  0.197142166208403       0.662671938049599    
  0.122388884857409       0.260872455540369    
           2 s 
  0.341921047191476       0.329140100326691    
  6.141375102476426E-002   1.28664537123616    
           4 p 
   2.77135330917475       4.951448696200951E-002
   1.55010643928474      -0.156750453669841    
  0.180373857781079       0.467885224421423    
  9.242069179416525E-002  8.057290767197213E-002
           2 p 
  0.280184154842308       0.590083017727682    
  5.789420487689987E-002   1.51391425786787    
           2 d 
  0.211813855184899       0.738837385457813    
  8.217777994677067E-002   1.26066181174901    
*
* # Powell done.
51
           4 s 
   1.89936155917078       0.362498301927074    
   1.43236689796582      -0.586022017797603    
  0.248860832930584       0.233541841799083    
  0.167057764080360       0.279210894044613    
           2 s 
  0.362226959117962       0.124847551444650    
  7.038425461592310E-002  0.949965128584209    
           4 p 
   2.38617892243439       4.963009664328238E-002
   1.32416100198271      -0.164861776645311    
  0.238835135225054       0.422931302042941    
  0.106430866618738       0.161643447747426    
           2 p 
  0.279209663732687       0.140201487145553    
  6.454156101782647E-002   1.16015461711510    
           2 d 
  0.219334730292947        1.23264142731444    
  0.125908046585657        1.10744581700812    
*
* # Powell done.
52
           4 s 
   2.05823738359553       0.789913713899610    
   1.64630519249602       -1.20359084722610    
  0.266997905651935       0.700594675820958    
  0.126858523675891       0.125722170581738    
           2 s 
  0.298472769216619       0.199257872467717    
  0.105156229613489       0.813945338471251    
           4 p 
   2.57307501962394       6.791487259660368E-002
   1.38160035945629      -0.239100233620200    
  0.220460659285938       0.351777992830325    
  0.119247563299781       0.250584271394970    
           2 p 
  0.469543733299427        1.11495309153590    
  5.999941012248360E-002  0.747820005736790    
           2 d 
  0.190898421277697       0.994819239079630    
  0.115157793814033        1.18307043798276    
*
* # Powell done.
53
           4 s 
   2.46931364148763       0.262702979602082    
   1.66216302411193      -0.522348837985787    
  0.318390484581647       0.434697484982320    
  0.141754143472056       0.179046531617434    
           2 s 
  0.208964825621230       0.197474174366670    
  0.101831639298920       0.919891493128622    
           4 p 
  0.964376193236341      -0.261198815322044    
  0.664395637703897       0.281057381811487    
  0.240066551407771       0.269417214662576    
  0.111075695034179       0.167950339736673    
           2 p 
  0.305789797053639       0.134631264288932    
  6.050450725415955E-002   1.25509782747257    
           2 d 
  0.303340385833745       0.963906661962462    
  0.172556362693008        1.00403747344224    
*
* # Powell done.
54
           4 s 
   2.73844479748286       0.172326968682420    
   1.43606574474855      -0.719379123689300    
   1.03621681364065       0.392186590908809    
  0.133934333029794       8.129561880719435E-002
           2 s 
  0.268766267064413       0.934431793048671         
  7.256573888704931E-002  6.101312196911251E-002
           4 p 
   1.12332100394594      -0.266584477329772    
  0.731789121004398       0.290350665102120    
  0.299795002514078       0.223255474180552    
  0.186728720884563       0.223305249500285    
           2 p 
  0.348588627814818       9.096352849300327E-002
  8.939525503936026E-002  0.772287594800687    
           2 d 
  0.326541458002279       0.821345807471868    
  0.195486975165231       0.915548131532991    
*
* # Powell done.
55
           4 s 
   2.18542914481474       9.400389004863675E-002
   1.21921734456503      -0.573095867010326    
  0.915226515605304       0.378754858489905    
  0.312217143523484       0.282789950903311    
           3 s 
   1.28841661585807      -0.248194213545819    
   1.09827039600860       0.347165952734082    
  0.138164384228031        1.02121870870778    
           2 s 
  0.107726477186135       0.138667583726746    
  2.139991522890649E-002  0.290621768412600    
           4 p 
   1.31075585702077      -0.156079667958233    
  0.509130829779806       0.412488448354978    
  0.200914848043772       0.417381851564472    
  6.340421478236241E-002  7.268681509443355E-002
           3 p 
  0.365529747130691      -9.493581442147171E-002
  8.074745927098324E-002  7.086874006247726E-002
  2.922415339527443E-002  0.665447777246177    
           2 d 
  0.280394823091828        1.16017582902377    
  9.200849897617548E-002  0.947093937672849    
*
* # Powell done.
56
           4 s 
   1.87376425309169       0.180889597650440    
   1.47058946370470      -0.211673794520781    
  0.938859480509338       0.431315245496156    
  0.339994724813021       0.190897133791911    
           3 s 
   1.22137174073525       0.955712019066623    
  0.506742995427301       4.147331590371502E-002
  0.192140970438031      -0.147113159975139    
           2 s 
  0.319582549767032       2.739942069404276E-002
  3.585269639199995E-002   1.24795794131996    
           4 p 
   1.29899150267252      -9.131814328007350E-002
  0.575055654049282       0.225923608710488    
  0.258537071798910       5.726514703478686E-002
  0.214494501085069       0.126015168883989    
           2 p 
  0.110103260140247       0.524022619132227    
  3.875466074993594E-002  0.231654985254045    
           2 d 
  0.379492672920026       0.757822281624137    
  0.122964828963179       0.522309833307089    
*
* # SG opt.
57
  5  s
        3.0415240990       -1.6106834693
        2.3727699049        2.1949294143
        1.8397870723        0.2074725582
        1.3411885109        0.4991265612
        0.3691269255        0.1107406780
   2  s
        0.5343404313        0.6772513506
        0.2325916869        0.3380551410
   2  s
        0.0459775887        1.7843948176
        0.0214035647        0.5068079823
   4  p
        3.4100788638        0.1701648660
        2.6433390929       -0.2996363621
        0.4933467398        0.5578374807
        0.1898701804        0.2428412798
   2  p
        0.0513694647        1.9268314487
        0.0202144335        1.0717836396
   4  d
        1.6762121035       -0.0893317845
        0.6118919783        0.2830970644
        0.3703145912        0.4791125480
        0.1616342948        0.8394363504
   2  d
        0.0651715994        1.0087350288
        0.0313182339        0.2429421136
*
* # SG opt.
72
   5  s
        6.1673441521       -1.4405933081
        4.4770673611        2.3834286802
        2.9528184942        0.2078993034
        1.2811625239        0.3724169735
        1.0076734799        0.0948505435
   2  s
        1.4218064653        0.3851959067
        0.5303574461        0.4188514308
   2  s
        0.0729384435        1.8576855404
        0.0304262910        0.4793931938
   4  p
        6.7289463517        0.6698278071
        5.9622499606       -0.8573020481
        1.1108046292        0.5180056933
        0.4401270142        0.5882353002
   2  p
        0.0811680552        1.8053755599
        0.0301188722        1.3235660223
   4  d
        0.6089775753       -0.1074302284
        0.8070573465        0.3086840747
        0.7326819489        0.2794412073
        0.2830364424        0.6563349777
   2  d
        0.1042169075        1.1228003984
        0.0394022097        0.2065511630
*
* # SG opt.
73
   5  s
        7.0675176642       -1.5307486804
        4.7655460205        2.5914129103
        3.6745519051        0.2248134238
        1.3754738213        0.3872717838
        0.8178615490        0.1004159841
   2  s
        1.2705381747        0.3751371907
        0.5792571127        0.4771392453
   2  s
        0.0860492240        1.9108973668
        0.0348453335        0.5705823526
   4  p
        7.4741365660        0.2830732447
        5.7003612278       -0.4970386393
        1.2361964825        0.5320742630
        0.4854354143        0.6353064831
   2  p
        0.0908231818        1.9074861926
        0.0333623026        1.4063308657
   4  d
        0.5942922674       -0.1249209657
        0.8327090664        0.3355077656
        0.8123096201        0.3160143970
        0.3207848781        0.6937358717
   2  d
        0.1226269077        1.2504144295
        0.0463549086        0.2114643578
*
* # SG opt.
74
   5  s
        6.8268659655       -1.8516943277
        5.3374100125        2.5815697309
        3.5762424725        0.2425522546
        2.2778727385        0.3763663088
        0.6217186216        0.1180846472
   2  s
        1.3746899907        0.5123057239
        0.5656834502        0.4833033800
   2  s
        0.0960490419        2.0703943400
        0.0365861027        0.5906742045
   4  p
        7.0230797816        0.4773514821
        5.9751953295       -0.6805111216
        1.2425060618        0.5500505807
        0.4972693561        0.5206293973
   2  p
        0.0990309794        2.0722612115
        0.0352108858        1.5788125620
   3  d
        0.4977233147       -0.1766995365
        0.8556159785        0.3790261126
        0.3566505704        0.4638199837
   2  d
        0.1275986160        1.5672962846
        0.0487055295        0.2078204095
*
* # SG opt.
75
  5  s
        7.7960958490       -1.1079014965
        4.8216806227        2.2420723408
        3.9421896808        0.3226429890
        1.6820123744        0.5105017075
        0.6599225005        0.0934801448
   2  s
        1.4050460089        0.5720749790
        0.6772978910        0.4386396818
   2  s
        0.1002877942        2.8790341526
        0.0350566530        0.7475684398
   4  p
        7.3075518791        0.5484095660
        6.2766135258       -0.7658844258
        1.3399652785        0.5427565030
        0.5503165619        0.5671640740
   2  p
        0.1051187154        2.2837385412
        0.0364951173        2.0012428027
   3  d
        0.6001796384       -0.2964732138
        0.8855967885        0.4667836073
        0.4066100684        0.4712431139
   2  d
        0.1454914986        1.6951237176
        0.0604947156        0.2680288244
*
* # SG opt.
76
   5  s
        7.8931784424       -1.1815552193
        5.0302871047        2.2381667372
        4.3767566259        0.3334898319
        1.1865489394        0.5225268371
        0.6971721128        0.0973381472
   2  s
        1.4411951188        0.5862003933
        0.6553550211        0.4722900300
   2  s
        0.1138872732        2.7782511335
        0.0405197571        0.8453864860
   4  p
        7.7455945522        0.3463045786
        6.2125035064       -0.5684637628
        1.4656575794        0.5318834799
        0.5959579264        0.5585216738
   2  p
        0.1134606555        2.3407599263
        0.0380205527        2.0761836919
   3  d
        0.6549151689       -0.3952954103
        0.9226620870        0.4860488925
        0.4544219856        0.4577475441
   2  d
        0.1544833997        1.9536472371
        0.0588736816        0.2376857883
*
* # SG opt.
77
   5  s
        7.7960958490       -1.1079014965
        4.8216806227        2.2420723408
        3.9421896808        0.3226429890
        1.6820123744        0.5105017075
        0.6599225005        0.0934801448
   2  s
        1.4050460089        0.5720749790
        0.6772978910        0.4386396818
   2  s
        0.1002877942        2.8790341526
        0.0350566530        0.7475684398
   4  p
        7.3075518791        0.5484095660
        6.2766135258       -0.7658844258
        1.3399652785        0.5427565030
        0.5503165619        0.5671640740
   2  p
        0.1051187154        2.2837385412
        0.0364951173        2.0012428027
   3  d
        0.6001796384       -0.2964732138
        0.8855967885        0.4667836073
        0.4066100684        0.4712431139
   2  d
        0.1454914986        1.6951237176
        0.0604947156        0.2680288244
*
* # SG opt.
78
  5  s
        8.4321582880       -1.2927895988
        5.5884596287        2.3709370553
        4.8892209155        0.3115419925
        1.0438230588        0.5627622318
        0.7991873272        0.1061438165
   2  s
        1.6422807038        0.5612969310
        0.7747972245        0.6387471093
   2  s
        0.1355269488        2.4199405589
        0.0497527841        1.0901396594
   4  p
        8.0597830453        0.7298489959
        7.1652367816       -0.9544650057
        1.5556002601        0.6086328678
        0.6383917610        0.5123018489
   2  p
        0.1279942153        2.4079052109
        0.0414381381        2.2707785981
   3  d
        0.7596969343       -0.5588354024
        0.9774685852        0.3160409754
        0.6386074977        0.4180067106
   2  d
        0.1906804872        2.2293396767
        0.0632410853        0.2139291088
*
* # au modified-LANL2DZ from Ref. B7
79
   5  s
        8.7969995877       -1.3951842699
        6.0041442194        2.4758886659
        5.0459836643        0.3244309772
        1.0022457808        0.5969585908
        0.8383828229        0.1076256515
   2  s
        1.6262231633        0.5748436067
        0.7999190204        0.6423289175
   2  s
        0.1488884167        2.3251422021
        0.0549312574        1.3060724717
   4  p
        8.4233198848        0.5014922208
        7.2014957763       -0.7270396028
        1.6905128439        0.5826361178
        0.6911209143        0.5152905533
   2  p
        0.1373992616        2.4630386526
        0.0438928381        2.4289615694
   3  d
        0.7913316808       -0.5604224613
        1.0636335216        0.3402934616
        0.6565309836        0.4569443721
   2  d
        0.2055264943        2.2425495926
        0.0722544016        0.2329095058
*
* # SG opt.
80
  5  s
        9.0898331405       -1.4340641015
        6.3641267872        2.5310445440
        5.1021954244        0.3314116536
        0.9197950225        0.6057809083
        0.8614392843        0.1099331627
   2  s
        1.6250408301        0.5998620696
        0.8072697852        0.6480762751
   2  s
        0.1703418841        2.0347531348
        0.0621980887        1.5450432516
   4  p
        9.5435987558        0.2153640563
        7.0926358344       -0.4384233908
        1.7546621405        0.6037960802
        0.7195664870        0.4978306515
   2  p
        0.1406969727        2.3579195619
        0.0436559670        2.6065121968
   3  d
        0.8334836441       -0.5696278560
        1.1289397080        0.3460427647
        0.6898306975        0.4657126212
   2  d
        0.2079237610        2.5263834363
        0.0704958923        0.2010872836
*
* # Powell done.
81
           4 s 
   1.55636330149975       0.298479098945875    
  0.888966398473185      -0.786641605659528    
  0.207882509123202       0.671859591026206    
  8.606120566415291E-002  0.590149832319590    
           2 s 
  0.455908942636313       0.142598431340526    
  7.806236362224191E-002   1.05475390814221    
           4 p 
   1.34701314070903       9.400032631003120E-002
  0.875775969859579      -0.262818022708797    
  0.211384154565974       0.392105117899244    
  8.466657841959033E-002  0.365289768481688    
           2 p 
  0.372090780974308       2.340649591079695E-002
  4.626497161769592E-002   1.44528275496827    
           2 d 
  0.128119141107480       0.629294408982121    
  5.382308234751926E-002  0.891756590204652    
*
* # Powell done.
82
           4 s 
   1.31596543214371       0.799758694406540    
   1.08846570837148       -1.24245382939382    
  0.215753523918761       0.705431204829414    
  0.137781134754885       0.255077455688020    
           2 s 
  0.505568290205647       0.127366771465909    
  6.954243737267517E-002   1.38415733318832    
           4 p 
   1.47251888216397       0.149000003494989    
   1.05154844008858      -0.284336482545489    
  0.176417893719992       0.461519315875542    
  7.734765574462005E-002  8.536268684098548E-002
           2 p 
  0.350291531128037       0.228428243534756    
  4.754429035704838E-002   2.32942536304960    
           2 d 
  0.132212581908732       0.793391778149685    
  6.361742379882722E-002   1.22552589864552    
*
* # Powell done.
83
           4 s 
   1.67453635398112       9.263820166931562E-002
   1.03682479713919      -0.502533507228593    
  0.210726010244587       0.653940916238705    
  0.192706272742449       7.204481713337924E-002
           2 s 
  0.343893500787362       0.218715858358278    
  9.270233518095079E-002  0.625180632114831    
           4 p 
   1.45170638749905       0.386957882259594    
   1.19296228020992      -0.590447704492904    
  0.225283692143052       0.621521975364894    
  5.371521162705988E-002  0.102055717988165    
           2 p 
  0.220485804888075       0.119474931629630    
  8.111625211156967E-002   1.87038436141926    
           2 d 
  0.122098919271072        1.15839616847909    
  8.443764370633412E-002  0.717973363060128    
*
* # Powell done.
84
           4 s 
   1.87553701787032       0.397205875671735    
   1.27349305363990      -0.886838686058040    
  0.332776763347085       0.544326455812034    
  0.171784951385295       0.193350353802587    
           2 s 
  0.321121004586500       0.214939284333977    
  0.117692219611439       0.804916757506492    
           4 p 
   1.59225829245147       0.163572474883761    
   1.10761662545208      -0.401870018923464    
  0.199841072542985       0.559183646822877    
  0.107636814284680       0.213516465169773    
           2 p 
  0.483430249013806       0.871569538194983    
  5.841194162882556E-002  0.878655468633621    
           2 d 
  0.164193991616165       0.931194273580433    
  9.619262513078541E-002   1.03791015838803    
*
* # Powell done.
85
           4 s 
   1.89520054751658       0.544811406918498    
   1.33872746599148       -1.09319500968304    
  0.375070565273056       0.626624430327525    
  0.186834714580175       0.498147747573448    
           2 s 
  0.307803285092724       7.874090279648935E-002
  9.847194487876922E-002   1.00766178057358    
           4 p 
   2.05256562987574       6.284329342746699E-002
   1.17849968327935      -0.240308288757308    
  0.340326152975816       0.457080070315425    
  0.147151767723269       0.523852996889485    
           2 p 
  7.181859140073285E-002  0.920513215933778    
  5.497261233161450E-002   1.10848940749313    
           2 d 
  0.240960011081398       0.981894748638378    
  0.130094934587843       0.984203294031756    
*
* # Powell done.
86
           4 s 
   1.99944935890964       0.653629593284426    
   1.48820822151604       -1.19940987285078    
  0.333584834939193       0.946770285988574    
  0.111624788428520       0.222310438621614    
           2 s 
  0.214399327762027        1.02251588474858    
  0.125018636508967       0.503568342211340    
           4 p 
   1.97254618552115       0.219299520462085    
   1.58121982674363      -0.356598175430598    
  0.303202584396852       0.679815263623930    
  0.112700777095706       0.159708756502642    
           2 p 
  0.195834063592185       9.767555991915534E-002
  0.104833180382121       0.979045908648833    
           2 d 
  0.391170770763353       0.992940517151264    
  0.168511739410721        1.00205068430922    

*
