* # SG opt.              
1
   4  s   
       34.9511883180        0.0319041382
        5.2823761122        0.2309101768
        1.2057605574        0.9316707595
        0.4117877264        1.2488098492
   2  s   
        0.2087056725        1.0361563569
        0.0888267284        0.3330155149
   2  p   
        1.2269578962        2.0692914238
        0.2746869115        2.7527982701
*
* # SG opt.
2
   4  s   
       94.9313852760        0.0124301994
       14.5030875470        0.0870472354
        3.3391087320        0.3372791855
        0.9216790464        0.7161891077
   2  s   
        0.3123854114        0.4270839736
        0.1611368620        0.1451219213
   2  p   
        1.2467270861        4.9249053925
        0.1165850948        1.9390328946
*
* # SG opt.
3
   5  s   
      306.9940011700        0.0067642195
       44.7071358690        0.0513214883
        9.8598664000        0.2268930832
        2.6420670082        0.5562655065
        0.7745993243        0.5724774175
   2  s   
        0.7859735392       -0.1932106625
        0.0859396685        0.4423867368
   1  s   
        0.0379837262        1.0000000000
   3  p   
        0.8576185107        0.0990806707
        0.1522178600        0.5929267844
        0.0591893019        0.8554844700
   1  d   
        0.1500000000        1.0000000000
*
* # SG opt.
4
   5  s
      527.6600888200        0.0057052406
       79.4476495780        0.0422206743
       17.9940743600        0.1843148794
        4.9243553106        0.4626118044
        1.4772096275        0.4439455810
   2  s
        1.6710888998       -0.1442362733
        0.1908767178        0.7208067265
   1  s
        0.0705969211        1.0000000000
   3  p
        1.4961969542        0.0385258202
        0.2908541809        0.1959848030
        0.0758113752        0.2795426228
   1  d
        0.1500000000        1.0000000000
*
* # SG opt.
5
   4  s
        1.6492896607       -0.3027308496
        1.1732052522        0.2117643559
        0.2960173048        0.4821769131
        0.1258334238        0.4001537904
   2  s
        0.2944574855       -0.3290726502
        0.0591045237        0.9581730745
   4  p
       10.0940935730        0.0297512937
        2.6563106948        0.1817843035
        0.9086370415        0.4637084617
        0.4165473122        0.6761459532
   2  p
        0.1838873620        1.1383619338
        0.0679508587        0.7001666444
   1  d
        0.6500000000        1.0000000000
*
* # SG opt.
6
   4  s   
        2.2671287742       -0.3181947733
        1.8607625094        0.2520037147
        0.5016607153        0.2691561974
        0.2276336662        0.1277685022
   2  s   
        0.2520846453        0.7826320357
        0.1809752444        1.2887958969
   4  p   
       22.7820769690        0.0202926917
        5.0140106234        0.2028245102
        1.4087973932        0.7394816870
        0.4165689202        1.5910902219
   2  p   
        0.1268162728       -0.0034478605
        0.0951146970        0.0000147452
   2  d   
        2.9042675377        0.1501707405
        0.6829231869        0.8845361353
*
* # SG opt.
7
   4  s   
        2.6684944963       -0.2293632752
        2.2441126269        0.2237708354
        0.5909659496        0.1534132584
        0.2666559186        0.1040284043
   2  s   
        0.9443735216       -0.2221296867
        0.1287525963        1.0569930009
   4  p   
       37.6905611240        0.0089532195
        9.1955132353        0.0715919925
        2.9794854618        0.2509165523
        1.0673169401        0.5388967661
   2  p   
        0.3888855674        1.1828746480
        0.1365896109        0.5801020779
   1  d
        0.75000000000       1.0000000000
*
* # 
8
   4  s   
        3.5481963411       -0.2342080703
        2.7768055187        0.2341232903
        0.6572291196        0.2561493111
        0.2022815402        0.1373182055
   2  s   
        0.3517897647        0.9571523793
        0.1567799715        1.0645951317
   4  p   
       39.0759737560        0.0106741708
        9.8470383929        0.0723638763
        3.0422715112        0.2331001785
        1.0148929288        0.4288531144
   2  p   
        0.3502210988        1.6535769932
        0.1218721090        0.6698508729
   2  d   
        1.5380754441        0.6456086756
        0.4867240913        0.7449244725
*
* # SG opt.
9
   4  s
        6.9309757246       -0.3373053854
        4.8202430175        0.2047476329
        1.2266112988        0.5891737687
        0.5080516619        0.5257643084
   2  s
        1.1227687426       -0.4310979442
        0.2146355469        1.0579001079
   4  p
       63.2976980810        0.0213244476
       16.7406369170        0.1429503872
        5.0878294248        0.4690466121
        1.7553663056        0.9323442336
   2  p
        0.6115172771        1.1788888935
        0.2034049237        0.6004381229
   1  d
        0.8500000000        1.0000000000
*
* # SG opt.
10
  4  s
        8.7492756792       -0.3548288070
        7.1873061138        0.2330971399
        1.6072789008        0.6014325689
        0.6811719287        0.5331512727
   2  s
        1.3582214993       -0.9195427450
        0.2714900769        0.9412262960
   4  p
       86.5117564690        0.0175455534
       21.2521306700        0.1400011598
        6.7217426115        0.4580598998
        2.3347035697        0.9251431878
   2  p
        0.8054722334        1.2452577826
        0.2598619552        0.6696484956
   1  d
        0.9000000000        1.0000000000
*
* # SG opt.
11
   4  s   
       18.0065106300       -0.1102287000
        1.6754785405        0.6086291564
        0.7319240736        0.5869876612
        0.4528408505        0.1361053965
   3  s   
        1.0264500398        1.0744239157
        0.6646558041        0.8301543557
        0.0430989202        0.9308293378
   1  s   
        0.0442976918        1.0000000000
   5  p   
       78.2736103330        0.0209478361
       17.8666333500        0.1363033081
        5.3804353036        0.4286822721
        1.7391554211        0.6920078989
        0.5439634384        0.4833967210
   2  p   
        0.0838033930        2.4246394900
        0.0445009814        5.0848838832
   1  d   
        0.1000000000        1.0000000000
*
* # SG opt.
12
  4  s
       21.8195590230       -0.1013725737
        2.0335033249        0.6048106935
        0.9054551383        0.4986198011
        0.6741333078        0.1285128719
   3  s
        1.3604363650        1.0188982953
        0.8577669712        0.7845663774
        0.0681438526        0.9398803481
   1  s
        0.0694727783        1.0000000000
   5  p
      100.7908790300        0.0206189557
       23.2314779170        0.1355603505
        7.0631897631        0.4392593641
        2.3231644743        0.7254764531
        0.7543285448        0.4818377897
   3  p
        3.1335151945       -0.0045366421
        0.1157200379        0.3170608186
        0.0261344814        0.4941340194
   1  d
        0.1500000000        1.0000000000
*
* # SG opt.
13
   4  s   
        3.1335232410        0.0416425355
        1.1047703633       -0.3080921443
        0.2160240231        0.6876818685
        0.1147564248        0.4445532061
   2  s   
        0.2495443715       -0.4813110513
        0.0561728476        0.8289975319
   4  p   
        1.0002536525       -0.0590251375
        0.3817214828        0.1322218227
        0.1283384164        0.4554712292
        0.0578102990        0.4172847840
   2  p   
        0.2322123289        0.9724671935
        0.0265743139        0.8913170913
   1  d   
        0.3500000000        1.0000000000
*
* # SG opt.
14
   4  s   
        3.9006806604        0.0461150453
        1.4330588152       -0.3020166883
        0.2647936722        0.5352331176
        0.1120093662        0.5273000335
   2  s   
        0.2019994652        0.2040484086
        0.0470506858        1.0195703378
   4  p   
        1.1679249509       -0.0725780266
        0.5708930514        0.1653103578
        0.1347370169        0.3144755711
        0.0325689184        0.0558917035
   2  p   
        0.2468965659        0.9924882208
        0.0709991697        0.8057818048
   1  d   
        0.4000000000        1.0000000000
*
* # SG opt.
15
   4  s   
        7.7365709849        0.0322314025
        1.5077720850       -0.3749913752
        0.4030154652        0.5789661584
        0.1641054990        0.7628553469
   2  s   
        0.2555367697        0.0365489721
        0.0637050634        1.0798805076
   4  p   
        1.1736978721       -0.0690114760
        0.6987125188        0.1958999608
        0.2747358627        0.3645680063
        0.1153898577        0.1968796631
   2  p   
        0.1245740799        1.1049819994
        0.0513364139        0.8041869493
   1  d   
        0.4500000000        1.0000000000
*
* # SG opt.
16
  4  s   
        7.1953483261        0.0427670572
        2.0188372312       -0.3517387319
        0.4504514167        0.6248873145
        0.1894196687        0.5853335141
   2  s   
        0.4218523369       -0.0870245590
        0.0805344776        1.0236733241
   4  p   
        1.6214043906       -0.1639488251
        1.1218680371        0.2609055828
        0.4181940162        0.4400564131
        0.1810540903        0.4164464595
   2  p   
        0.2794119805       -0.0379873620
        0.0753873341        1.1995881984
   1  d   
        0.5000000000        1.0000000000
*
* # SG opt.
17
   4  s   
       16.2883187720        0.0180774409
        2.0809380764       -0.3849079736
        0.8665973020        0.3593801955
        0.3447591736        0.7512249601
   2  s   
        0.7496581318       -0.1455425997
        0.1362568577        1.0613469062
   4  p   
        2.6385526042       -0.1489567260
        1.4229118873        0.2558310970
        0.5708996154        0.7185461887
        0.2415207196        0.7001402755
   2  p   
        0.1233322538        0.8919939220
        0.0789119424        0.6808602526
   1  d   
        0.5500000000        1.0000000000
*
* # SG opt.
18
   4  s   
        2.3872379054       -0.4697366965
        2.0231333960        0.0197217068
        0.9585608283        0.4068176593
        0.4063603405        0.8377764417
   2  s   
        0.5449542952       -0.1641460430
        0.1645575891        1.2316373975
   4  p   
        5.4448184436       -0.0601639575
        0.9107860412        0.6565510745
        0.3866049912        0.7180630766
        0.1573358627        0.1353026408
   2  p   
        0.2078625482        1.2317511046
        0.0927157688        0.5857053064
   1  d   
        0.6000000000        1.0000000000
*
* # SG opt.
19
   4  s   
        3.1463805313        0.1029197259
        2.8213333460       -0.4892903075
        1.0664261958        0.3840422149
        0.4823321317        0.5091435724
   3  s   
        2.8524399118        0.2729823385
        0.8886570553       -0.2794129418
        0.2260736471        0.8852443142
   2  s   
        0.0428612440        0.1675751618
        0.0232054606        0.1056938746
   3  p   
       10.8243940730       -0.0334582257
        0.9194466785        0.7334148253
        0.2985420370        0.6445606939
   2  p   
        0.0434222258        1.6412807439
        0.0358343247        2.5934109779
   1  d   
        0.1000000000        1.0000000000
*
* # SG opt.
20
   4  s
        3.3226583477       -0.1077486931
        1.5056471816        0.6107791880
        0.6010967261        0.6245088557
        0.2617997376        0.1458495480
   3  s
        2.7547821236        1.2000000825
        1.2855574499        0.8585031123
        0.0479137478        0.9894035769
   1  s
        0.0479006073        1.0000000000
   4  p
       10.5385191750       -0.0324188526
        1.2288349790        0.4030244857
        0.6297909536        0.3080832911
        0.3135960153        0.2668749599
   3  p
        2.6325258558       -0.0035547324
        0.0756039473        0.4527976766
        0.0271347367        0.5414579068
   1  d
        0.1500000000        1.0000000000
*
* # SG opt.
21
   5  s
       13.1927760120        0.0923057392
        5.0447312614       -0.5591242831
        1.1410855684        0.5098929327
        0.8506790908        0.3579640570
        0.4727764285        0.2022385551
   2  s
        0.7217675590        0.4697112594
        0.3511059570        0.5434369328
   2  s
        0.0785853188        1.2762773721
        0.0324092234        0.7392204690
   4  p
        6.3915543869       -0.0928175962
        1.9074205410        0.3632920447
        0.7980490824        0.6192120806
        0.3217474875        0.2658228569
   2  p
        0.0898561722        1.2900039758
        0.0317015556        1.2630585031
   4  d
       14.5154939680        0.0499969030
        4.2834073800        0.2152573484
        1.4388396021        0.4770245649
        0.4901711801        0.5899564005
   2  d
        0.1792837812        1.2444412731
        0.0726134431        0.4563829706
*
* # SG opt.
22
   5  s
       15.0436024170        0.1088554758
        5.4485037289       -2.1732471507
        5.3644868350        1.4864633553
        1.2940429522        0.8540394486
        0.3314710534        0.2123105935
   2  s
        0.6745268343        0.8929408273
        0.3085030777        0.0250539843
   2  s
        0.0795013098        1.1294259913
        0.0315423647        0.4500344843
   4  p
        7.0649720947       -0.0352275935
        2.3748017580        0.1097861553
        0.9891488122        0.2188108191
        0.3878807129        0.1027459469
   2  p
        0.1037378955        1.6886389504
        0.0349904571        1.8853937015
   4  d
       25.0864814180        0.0389775427
        8.1193467061        0.2034407523
        2.9038716920        0.5510056190
        1.0871666255        0.8653101736
   2  d
        0.3990961032        1.3345940331
        0.1352955591        0.6313296775
*
* # SG opt.
23
   5  s
       16.2634620860        0.1110139945
        6.4100011002       -0.6349574688
        1.4458874032        0.5768756524
        1.2871017575        0.1898220794
        0.4457337564        0.0816633437
   2  s
        0.8834597653        1.8381302599
        0.4662562454        1.0986831210
   2  s
        0.0947280593        1.4271039526
        0.0377708190        0.7863206107
   4  p
        8.1229645811       -0.0812193521
        2.5751901358        0.2857055187
        1.0702100003        0.5113211982
        0.4209825756        0.2200490235
   2  p
        0.1173161582        0.6378315552
        0.0382862730        0.7664643605
   4  d
       27.9677519320        0.0343779149
        9.0642238019        0.1755761367
        3.2666115785        0.4609104030
        1.2443023327        0.6864229836
   2  d
        0.4654676234        1.3123420599
        0.1586730212        0.5974978239
*
* # SG opt.
24
   5  s
       18.9416200830        0.0969349333
        6.9853650850       -0.6247330309
        1.7584536372        0.5857021048
        0.9527409270        0.7012805918
        0.4750588801        0.1162397794
   2  s
        1.1157778439        0.9473497011
        0.4568828430        1.1378139029
   2  s
        0.1211250573        1.1774270803
        0.0466098223        1.0153894387
   4  p
        9.3519007283       -0.0670652037
        2.7520450431        0.2673083145
        1.1570359613        0.4291100855
        0.4614572032        0.1797190481
   2  p
        0.1312266020        0.7433751798
        0.0417676714        0.9250834431
   4  d
       31.2497064810        0.0369372498
       10.0984256340        0.1854549087
        3.6715067096        0.4753743355
        1.3966456591        0.6988799006
   2  d
        0.5167098969        1.3492292534
        0.1761098367        0.5744121052
*
* # SG opt.
25
  5  s
       20.6705842290        0.1068546104
        7.8393671123       -0.6535961778
        1.8391535810        0.6987365049
        1.0935334575        0.5854119773
        0.6040603892        0.3017456673
   2  s
        1.1445303376        1.3836392057
        0.4659238940        1.1321199264
   2  s
        0.1216893133        1.5375087946
        0.0462801711        1.1340310733
   4  p
       10.3954272420       -0.1075010648
        3.1508380574        0.3958197484
        1.3307492752        0.6750442004
        0.5242874549        0.2942863629
   2  p
        0.1346992902        1.0970250640
        0.0419027232        1.4088672485
   4  d
       40.7963343880        0.0386151592
       13.2509870520        0.2187818192
        4.8163303545        0.6040013174
        1.8302815738        0.9513105751
   2  d
        0.6722334286        1.3691694099
        0.2241833317        0.6690397482
*
* #fe modified-LANL2DZ from Ref. B7
26
   5  s
       22.6345589400        0.0932860511
        8.7560299101       -0.5480212787
        1.7895979960        0.9269253443
        0.8316972516        0.6005132929
        0.4156777540        0.1369623381
   2  s
        1.2101261132        0.6663585535
        0.4196546076        0.8382864852
   2  s
        0.1370373691        1.1364271089
        0.0510540604        0.9999683345
   4  p
       11.6363109270       -0.0869429501
        3.4019789643        0.3449783513
        1.4073126804        0.5527369755
        0.5468198206        0.2144073408
   2  p
        0.1281585311        0.7651454522
        0.0330130274        1.3315725681
   4  d
       44.0732677180        0.0320272033
       14.1407750080        0.1796706508
        5.0824605288        0.4878980601
        1.9190750026        0.7283582007
   2  d
        0.7131322861        1.3329707451
        0.2472176429        0.6046139132
*
* # SG opt.
27
  5  s
       22.9197245450        0.1148394759
        9.8522175502       -0.5783055268
        2.0939960259        0.7354713123
        1.1643922296        0.6180021298
        0.5820109964        0.2401318033
   2  s
        1.3751163711        0.7794721861
        0.4036478320        1.1926265093
   2  s
        0.1688373713        1.0793783095
        0.0566452910        1.1151107401
   4  p
       13.0785339870       -0.1007651229
        3.7675576597        0.3948116746
        1.5975030944        0.6383398728
        0.6273312405        0.2690822593
   2  p
        0.1515378889        0.8858896725
        0.0456068202        1.2002394749
   4  d
       48.5717547180        0.0365777767
       15.7775830680        0.1965242397
        5.8123729942        0.5237988583
        2.2260123621        0.7917821103
   2  d
        0.8198181666        1.4184268221
        0.2731015355        0.6908085442
*
* # SG opt.
28
   5  s
       28.0949526070        0.1045176390
       10.3075932650       -0.6825120734
        2.3082356166        0.9090039071
        1.1444753069        0.5240624573
        0.9730339313        0.1163037017
   2  s
        1.5964041965        0.4820826546
        0.6087387284        0.5749600397
   2  s
        0.1528699837        1.1133311085
        0.0556145979        0.9736149283
   4  p
       14.6880049770       -0.1195156283
        4.4078700906        0.3781662402
        1.8666322229        0.6700749681
        0.7229867719        0.3015882447
   2  p
        0.1662568914        0.8563847161
        0.0486750032        1.2053528192
   4  d
       55.3633173460        0.0394274548
       17.6975956240        0.2375096577
        6.6102007072        0.6442674036
        2.5351272743        0.9761883698
   2  d
        0.9266787035        1.3552606795
        0.3040402618        0.6660071208
*
* # SG opt.
29
  5  s
       31.2834991670        0.0873004956
       11.1143403360       -0.6073952423
        2.5771373426        0.7979351079
        1.2939957781        0.6927523955
        0.6052868678        0.1315354508
   2  s
        1.7970742422        0.7967154468
        0.7028333687        1.0382154923
   2  s
        0.1612528535        1.2944421321
        0.0583862735        1.1582080724
   4  p
       16.1955387710       -0.1022083549
        4.4638779576        0.4164423358
        1.9084439769        0.6525733655
        0.7488437622        0.2757319543
   2  p
        0.1789073560        0.8917124583
        0.0514474250        1.2849871056
   4  d
       63.7206598430        0.0322084053
       20.3919220960        0.1859288258
        7.4491822575        0.5154863085
        2.8337903053        0.7927127831
   2  d
        1.0308538592        1.1989254813
        0.3360904350        0.6059705859
*
* # SG opt.
30
   5  s
       34.6053919050        0.0659880396
       11.9427093390       -0.4860671234
        2.9566101312        0.5205234801
        1.7466744635        0.3947042835
        0.9035821156        0.2084705780
   2  s
        1.5480267353        1.1567218082
        0.6536015129        0.4351644447
   2  s
        0.1532877205        1.2590718529
        0.0559576142        0.8965561323
   4  p
       18.3700073130       -0.0729787095
        4.6786635219        0.3334005200
        1.9833438284        0.4810155237
        0.7758652880        0.1856151395
   2  p
        0.1783543700        0.8640985402
        0.0505064541        1.2674821352
   4  d
       69.9096168470        0.0382639713
       22.3941135190        0.2177449958
        8.2346440004        0.6018188692
        3.1509357422        0.9247671454
   2  d
        1.1490360654        1.2696194253
        0.3730838079        0.6537330780
*
* # SG opt.
31
   4  s   
        2.3010722724        0.1111811882
        1.2728203755       -0.3566687201
        0.2316133767        0.5357721680
        0.1099565927        0.4849046489
   2  s   
        0.2283095998       -0.5409243391
        0.0513238991        0.9032639012
   4  p   
        1.1437385819       -0.0903224514
        0.3870108229        0.1920333378
        0.1449062076        0.4111676976
        0.0632563011        0.4897617705
   2  p   
        0.1741108647        0.7270751189
        0.0276705352        1.0179002783
   1  d   
        0.1500000000        1.0000000000
*
* # SG opt.
32
   4  s   
        2.9915592025        0.1216457102
        1.6274478108       -0.3801249407
        0.2713306824        0.6701324015
        0.1479963413        0.2615476186
   2  s   
        0.2977993376       -0.5880962763
        0.0797022416        0.9836483604
   4  p   
        1.4967400533       -0.0943047867
        0.4168772020        0.2702873979
        0.1636949344        0.6135704505
        0.0588433876        0.4127992163
   2  p   
        0.2518331065        0.8290151275
        0.0585649628        0.9822497954
   1  d   
        0.2500000000        1.0000000000
*
* # SG opt.
33
   4  s   
        3.2875728988        0.1639454030
        1.9033577031       -0.4528583021
        0.3327697368        0.7129088002
        0.1685578530        0.3529260560
   2  s   
        0.3780349890       -0.7892414984
        0.0900777749        0.9637864853
   4  p   
        1.4566642530       -0.1446071537
        0.9687117107        0.1321266969
        0.3139353498        0.2413912723
        0.1276766983        0.3335271411
   2  p   
        0.3032176725        0.9942132702
        0.0531079706        1.0174642165
   1  d   
        0.3000000000        1.0000000000
*
* # SG opt.
34
   4  s   
        3.6452384916        0.2236160373
        2.2198387808       -0.5546199914
        0.3421532604        0.7660527528
        0.1665098065        0.2729135558
   2  s   
        0.3272826412       -0.2126557094
        0.1053301363        1.0163897198
   4  p   
        1.6499672787       -0.1838122847
        1.1418412875        0.1682290820
        0.3713538279        0.3762596259
        0.1546892924        0.3485977411
   2  p   
        0.3084989459       -0.1749953443
        0.0636977841        1.2341092041
   1  d   
        0.3500000000        1.0000000000
*
* # SG opt.
35
   4  s   
        4.3558832716        0.1633984054
        2.3817678496       -0.4888647561
        0.4063693112        0.7153563192
        0.2139306225        0.2594464924
   2  s   
        0.3706972895       -0.3248969123
        0.1275638686        1.0078122134
   4  p   
        1.8381309410       -0.2045207289
        1.2765676339        0.1879910591
        0.4375644486        0.3722159614
        0.1870098956        0.3388588722
   2  p   
        0.1096079594        0.7414516231
        0.0689399628        1.1937650381
   1  d   
        0.4000000000        1.0000000000
*
* # SG opt.
36
   4  s   
        3.2229294131        0.5370749905
        2.4818520796       -1.0319868379
        0.6459864405        0.4465778797
        0.3262217632        0.8752341660
   2  s   
        0.4330305521       -0.0414661645
        0.1395746930        1.0083326050
   4  p   
        3.8811213368        0.0362726347
        2.6194211666       -0.1791867125
        0.7461406010        0.4383148892
        0.3519656859        0.6088006459
   2  p   
        0.1852222570        1.2176011916
        0.0906274989        0.6162289520
   1  d   
        0.4500000000        1.0000000000
*
* # SG opt.
37
   4  s   
        3.8811243050        0.1433415996
        2.3240340986       -0.6047671631
        0.7151453110        0.4527862909
        0.3618393184        0.6018050463
   3  s   
        1.8933124549        0.3790495559
        1.0028592450       -0.2399868516
        0.1551794718        0.9947724440
   2  s   
        0.0569617285        0.1969833764
        0.0230382401        0.1831690669
   3  p   
        2.9425063194       -0.0836975786
        0.6348731894        0.5693188340
        0.2230697949        0.4769684769
   2  p   
        0.3753353181       -0.4557837251
        0.0326354109        5.3881346118
   1  d   
        0.1500000000        1.0000000000
*
* # (4s4p)/[2s2p] basis set from Ref A1 for PP. from Ref A3 sr ECP36SDF
38
  4  s
        1.5118488912       -0.1172231859
        1.0455383195        0.6787336499
        0.3748209330        0.3946459919
        0.2696102913        0.1445069451
   3  s
        1.6023576470        0.9304465252
        0.3336566857        0.1815739604
        0.0423084493        0.9964826154
   1  s
        0.0425340444        1.0000000000
   3  p
        2.9694415299       -0.0535337268
        0.7404256621        0.3289121439
        0.2779278042        0.2513150415
   3  p
        3.0778134696       -0.0036984085
        0.0582237744        0.5165238368
        0.0222788808        0.4462516748
   1  d
        0.1500000000        1.0000000000
*
* # SG opt.
39
   5  s
        5.2510474865       -1.3905913541
        4.2430017713        2.0032497916
        2.0852144019        0.1725270013
        0.5343140121        0.0993959116
        0.4297002445        0.4016626210
   2  s
        0.6490175560        0.6263349329
        0.3084185658        0.2928874600
   2  s
        0.0583827909        1.5869308523
        0.0244366512        0.4507026633
   4  p
        2.4308022660       -0.9022344602
        2.0221263714        0.9233241407
        0.6389141756        0.7668698135
        0.2575663881        0.3447362146
   2  p
        0.0705277876        1.5120626016
        0.0266719032        1.2082919975
   4  d
        2.7417698768       -0.0474882850
        1.3862256803        0.2650370885
        0.5338590953        0.6740766348
        0.2014498612        0.7895224543
   2  d
        0.0801067271        0.9510333447
        0.0339601236        0.2020938317
*
* # SG opt.
40
   5  s
        6.8885791843        0.1828967533
        3.3739241016       -1.9948495499
        3.2564273601        1.4151702989
        0.8151454845        0.6335674643
        0.3393288949        0.2886426086
   2  s
        0.5108821193        0.8856450134
        0.1046055603        0.0192142009
   2  s
        0.0730598707        1.3487172849
        0.0304975572        0.5638342171
   4  p
        2.6523040852       -0.8689206411
        2.1518654998        0.9117804540
        0.6905115181        0.7656986347
        0.2791034743        0.3008334892
   2  p
        0.0849330696        1.3854657140
        0.0308595762        1.2690663373
   4  d
        3.1504336288       -0.0486179209
        1.6133798147        0.2652330119
        0.6319880254        0.6740789409
        0.2408434990        0.7214162890
   2  d
        0.0933474952        1.0241872773
        0.0408873123        0.1821461224
*
* #nb modified-LANL2DZ from Ref. B7
41
   5  s
        7.3339108094        0.1825993819
        3.6751127026       -1.9703053980
        3.5370942173        1.4283446750
        0.8702114414        0.6213674827
        0.3769822075        0.2883391766
   2  s
        0.5931672409        0.8877761596
        0.1034188566        0.0190591031
   2  s
        0.0831917159        1.2915231391
        0.0339729381        0.5822766683
   4  p
        2.8995952486       -0.8653089634
        2.3224592511        0.9147807118
        0.7616448830        0.7711512979
        0.3088680372        0.2929589900
   2  p
        0.0958137745        1.3591725022
        0.0336083022        1.3031580980
   4  d
        3.5476076280       -0.0488543968
        1.8343380022        0.2673735131
        0.7450182177        0.6616157333
        0.2942994009        0.6810380723
   2  d
        0.1154736825        1.1037294243
        0.0482118519        0.1687682802
*
* # SG opt.
42
   5  s
        8.1606739260        0.1748192640
        3.7296536413       -1.9758285795
        3.4896418981        1.4165648191
        0.9330646875        0.6655200897
        0.3993168725        0.2883874862
   2  s
        0.6874900936        0.9005946489
        0.0894997269        0.0187359074
   2  s
        0.0892647303        1.3903828122
        0.0348183626        0.5398774285
   4  p
        3.1233316902       -0.8532198157
        2.4125889779        0.9262187299
        0.8220016068        0.7846407590
        0.3401668384        0.2906872053
   2  p
        0.1064482141        1.3367025584
        0.0364446611        1.3557084080
   4  d
        4.2580765669       -0.0558951765
        2.0806662238        0.2555955206
        0.8779540593        0.6417808450
        0.3589703115        0.6504927965
   2  d
        0.1472559471        1.0375240374
        0.0647274304        0.2012037537
*
* # SG opt.
43
   5  s
        8.7924152838        0.1748691976
        3.8114697712       -1.9723424546
        3.4419841961        1.4289108745
        0.9415313823        0.6642853020
        0.3985788891        0.2687154939
   2  s
        0.8628638310        0.8993046408
        0.0886461786        0.0188172978
   2  s
        0.1666291799        1.3539822317
        0.0636633062        0.5432825079
   4  p
        3.4244583701       -0.8542780203
        2.5924715644        0.9438857924
        0.8801598665        0.8421808675
        0.3512414158        0.2980283396
   2  p
        0.0859352151        1.0899260999
        0.0253383513        1.6843143567
   4  d
        4.7240581783       -0.0600964615
        2.2572794879        0.2513962716
        0.9864295349        0.5888645793
        0.4143370336        0.6138743895
   2  d
        0.1688563499        1.0120675999
        0.0655605178        0.2176095619
*
* # SG opt.
44
   5  s
       10.2534285270        0.1744095485
        3.8815129496       -1.9840277074
        3.2862453095        1.3604703630
        1.0693740099        0.6632939672
        0.4014940526        0.2447968524
   2  s
        0.8111985680        0.8923216966
        0.0831993072        0.0188159525
   2  s
        0.1036644602        1.3045779771
        0.0392358284        0.5669129282
   4  p
        3.7928705890       -0.8582175898
        2.8043242522        0.9408822389
        0.9943849310        0.9359561763
        0.4082403747        0.3439652574
   2  p
        0.1212101537        1.2528442260
        0.0390539775        1.4371456259
   4  d
        5.3770707772       -0.0609688998
        2.4775798196        0.2558839786
        1.0950656738        0.5820902757
        0.4658204079        0.5649644699
   2  d
        0.1902667563        1.2641520832
        0.0725343329        0.1849291322
*
* # SG opt.
45
   5  s
       12.4994377840        0.1577675398
        4.0320208656       -1.8919377929
        2.9576877151        1.3235326426
        1.2757569827        0.6278822587
        0.4375487161        0.2020034565
   2  s
        0.7472320583        0.9042854026
        0.0612756494        0.0224667240
   2  s
        0.0882015905        0.9802079653
        0.0430707324        0.4733388543
   4  p
        4.0723544912       -1.1773582661
        3.4329438457        1.1531988745
        1.2886411914        0.6667318876
        0.4396385112        0.2334532645
   2  p
        0.1185172972        1.6112774576
        0.0396934271        1.9631893139
   4  d
        6.0562204234       -0.0494407062
        2.9228193469        0.3416376242
        1.4427843761        0.6805779802
        0.6540932018        0.7436383402
   2  d
        0.2528045105        1.7688494660
        0.0986900162        0.2287764589
*
* # SG opt.
46
  5  s
       11.6563419610        0.1649297917
        4.2580295174       -1.8552586789
        3.3588991028        1.3801389247
        1.0264625427        0.5969340919
        0.4468562268        0.1739008825
   2  s
        0.9699478696        0.8556670257
        0.1042639418        0.0219030200
   2  s
        0.1110692131        1.0020081590
        0.0426246618        0.4822742601
   4  p
        4.3289405542       -1.1829451226
        3.3660546860        1.2476240935
        1.2175214477        1.0583494606
        0.5145386504        0.4600291736
   2  p
        0.1335548298        1.5909377635
        0.0421912001        1.8960022049
   4  d
        6.8141493908       -0.0434622610
        3.0037358908        0.3098917026
        1.3954952181        0.7036020791
        0.6135047587        0.7011942898
   2  d
        0.2568918214        1.5029565033
        0.0988663600        0.2596596821
*
* # SG opt.
47
   5  s
       11.5941889720        0.1754635710
        4.8789363962       -1.8981016581
        4.2435343990        1.3971995519
        1.1724029505        0.6208355768
        0.4833241414        0.1812593689
   2  s
        1.0766186107        0.8988497258
        0.0626090838        0.0218304079
   2  s
        0.1119988082        1.0192770529
        0.0447047306        0.5056069340
   4  p
        4.5972577819       -1.2186534144
        3.5583697290        1.3134882659
        1.2538259153        1.0954635876
        0.5168495171        0.3983277186
   2  p
        0.1422846385        1.6282026449
        0.0446338237        1.9953964794
   4  d
        7.0441951381       -0.0471725641
        3.2573796296        0.3402842063
        1.4643958043        0.7559992742
        0.6249764877        0.7032205743
   2  d
        0.2590512746        1.6607992837
        0.1019602803        0.2638715789
*
* # SG opt.
48
   5  s
        9.8132753272       -1.8685367148
        7.8061339481        2.7168207583
        6.4156010838        0.1597826388
        1.2108882118        0.1014556708
        0.4025436069        0.0511586107
   2  s
        1.4165923955        0.7801870585
        0.5956860255        0.2735984053
   2  s
        0.1195079455        0.7243373799
        0.0455416924        0.3719107247
   4  p
        4.7527047554       -1.0854319526
        3.9483129938        1.1397888442
        1.3748674225        0.6962743263
        0.5734385895        0.2733255126
   2  p
        0.1405862907        0.8381315964
        0.0433011930        1.0520115915
   4  d
        7.7382255110       -0.0246133530
        3.3670416587        0.2313417339
        1.5169835545        0.4663312379
        0.6560489295        0.4114863444
   2  d
        0.2762998782        1.1752992976
        0.1116638519        0.1834030617
*
* # SG opt.
49
   4  s   
        1.7233448064        0.1519235350
        0.9569958467       -0.4475498404
        0.1981703120        0.5841956273
        0.1033052019        0.2876501720
   2  s   
        0.2279265128       -0.4313419323
        0.0562143757        0.9958885281
   4  p   
        0.6909593269       -0.1769822596
        0.3639085680        0.2298502045
        0.1090162113        0.5698777691
        0.0384004516        0.3923922618
   2  p   
        0.3378317840        0.8949579856
        0.0377901841        1.0120262991
   1  d   
        0.1500000000        1.0000000000
*
* # SG opt.
50
   4  s   
        2.1603355389        0.3143839235
        1.3661996824       -0.6596723931
        0.2392275949        0.7029862545
        0.1370264180        0.2223702633
   2  s   
        0.3780338307       -0.3346861016
        0.0755626094        1.0164150763
   4  p   
        2.5195043102        0.0513572035
        1.4448418206       -0.1745777678
        0.1386891101        0.5360336870
        0.0855268805        0.1972303392
   2  p   
        0.2929741984        0.9117624975
        0.0465084915        1.0462478392
   1  d   
        0.2000000000        1.0000000000
*
* # SG opt.
51
   4  s   
        1.9422328895        0.3201773328
        1.3747049210       -0.5741963685
        0.2796627842        0.3819098384
        0.1329636419        0.3155728416
   2  s   
        0.3513300630       -0.4290457133
        0.0710115420        1.0158163727
   4  p   
        2.4764742234        0.0553255769
        1.4189490993       -0.1865089533
        0.1572479498        0.4183609987
        0.1009429732        0.1795961091
   2  p   
        0.3222113038        1.0777147014
        0.0548764703        0.7919621485
   1  d   
        0.2200000000        1.0000000000
*
* # SG opt.
52
   4  s   
        2.0569429074        0.7715387508
        1.5984951039       -1.1790277071
        0.2813811747        0.7199153212
        0.1847538539        0.1593545120
   2  s   
        0.3134892054       -0.1981782972
        0.1012681006        1.0089537454
   4  p   
        2.7120184894        0.0661047300
        1.5951041807       -0.2141808754
        0.2028934688        0.3814460960
        0.1183550447        0.3092888088
   2  p   
        0.3834332201        1.0899618223
        0.0584443610        0.7073990121
   1  d   
        0.2400000000        1.0000000000
*
* # SG opt.
53
   4  s   
        2.5224778550        0.2537528590
        1.6510266302       -0.5173013742
        0.3066450553        0.4506110994
        0.1507095555        0.1930478841
   2  s   
        0.1048952330       -0.1869271078
        0.0984609899        1.0619979386
   4  p   
        1.0165669553       -0.2511186465
        0.6864163429        0.2798883146
        0.2300806560        0.3477483720
        0.1010098820        0.1633648950
   2  p   
        0.3283212711       -0.1348506029
        0.0562230794        1.2572471475
   1  d   
        0.2800000000        1.0000000000
*
* # SG opt.
54
   4  s   
        1.5282903302        0.2417583112
        1.1689121208       -0.6618477081
        0.8497512862        0.3515337557
        0.1097046821        0.1239403722
   2  s   
        0.1111511568       -0.2077627518
        0.2588085688        0.9810842413
   4  p   
        1.0860341141       -0.2634105183
        0.8592653190        0.2436201839
        0.3284398285        0.3074428386
        0.1457256144        0.2428661582
   2  p   
        0.3317882998       -0.1378901718
        0.0641500711        1.2729675978
   1  d   
        0.2800000000        1.0000000000
*
* # SG opt.
55
   4  s   
        2.1547029659        0.1016315551
        1.2158723932       -0.6037904240
        0.8976821124        0.4000273178
        0.2922499921        0.3176228161
   3  s   
        1.1335757143        0.3573812477
        1.3979135319       -0.2254536346
        0.1250410013        0.8990484753
   2  s   
        0.0948074244        0.1289762814
        0.0262889923        0.1916669449
   3  p   
        1.3893993889       -0.1127978464
        0.4493723800        0.4133391109
        0.1651015369        0.3330257044
   2  p   
        0.9416468946       -0.0753446845
        0.0302153923        2.5502416457
   1  d   
        0.1500000000        1.0000000000
*
* # SG opt.
56
   4  s   
        1.2036647143        0.6610737368
        1.1134996218       -0.1204208395
        0.7744179823        0.4093449399
        0.2742053065        0.1493465761
   3  s   
        1.1075060485        1.1695460663
        0.3915936978        0.1565661199
        0.0419920334        0.9507852642
   1  s   
        0.0419543053        1.0000000000
   3  p   
        1.4270707287       -0.0705139391
        0.4970664004        0.2572684527
        0.1924247294        0.1630270241
   3  p   
        2.0463350911       -0.0045383257
        0.0452709121        0.4982731730
        0.0185309965        0.4073505119
   1  d   
        0.1500000000        1.0000000000
*
* # SG opt.
57
  5  s
        3.0415240990       -1.6106834693
        2.3727699049        2.1949294143
        1.8397870723        0.2074725582
        1.3411885109        0.4991265612
        0.3691269255        0.1107406780
   2  s
        0.5343404313        0.6772513506
        0.2325916869        0.3380551410
   2  s
        0.0459775887        1.7843948176
        0.0214035647        0.5068079823
   4  p
        3.4100788638        0.1701648660
        2.6433390929       -0.2996363621
        0.4933467398        0.5578374807
        0.1898701804        0.2428412798
   2  p
        0.0513694647        1.9268314487
        0.0202144335        1.0717836396
   4  d
        1.6762121035       -0.0893317845
        0.6118919783        0.2830970644
        0.3703145912        0.4791125480
        0.1616342948        0.8394363504
   2  d
        0.0651715994        1.0087350288
        0.0313182339        0.2429421136
*
* # SG opt.
72
   5  s
        6.1673441521       -1.4405933081
        4.4770673611        2.3834286802
        2.9528184942        0.2078993034
        1.2811625239        0.3724169735
        1.0076734799        0.0948505435
   2  s
        1.4218064653        0.3851959067
        0.5303574461        0.4188514308
   2  s
        0.0729384435        1.8576855404
        0.0304262910        0.4793931938
   4  p
        6.7289463517        0.6698278071
        5.9622499606       -0.8573020481
        1.1108046292        0.5180056933
        0.4401270142        0.5882353002
   2  p
        0.0811680552        1.8053755599
        0.0301188722        1.3235660223
   4  d
        0.6089775753       -0.1074302284
        0.8070573465        0.3086840747
        0.7326819489        0.2794412073
        0.2830364424        0.6563349777
   2  d
        0.1042169075        1.1228003984
        0.0394022097        0.2065511630
*
* # SG opt.
73
   5  s
        7.0675176642       -1.5307486804
        4.7655460205        2.5914129103
        3.6745519051        0.2248134238
        1.3754738213        0.3872717838
        0.8178615490        0.1004159841
   2  s
        1.2705381747        0.3751371907
        0.5792571127        0.4771392453
   2  s
        0.0860492240        1.9108973668
        0.0348453335        0.5705823526
   4  p
        7.4741365660        0.2830732447
        5.7003612278       -0.4970386393
        1.2361964825        0.5320742630
        0.4854354143        0.6353064831
   2  p
        0.0908231818        1.9074861926
        0.0333623026        1.4063308657
   4  d
        0.5942922674       -0.1249209657
        0.8327090664        0.3355077656
        0.8123096201        0.3160143970
        0.3207848781        0.6937358717
   2  d
        0.1226269077        1.2504144295
        0.0463549086        0.2114643578
*
* # SG opt.
74
   5  s
        6.8268659655       -1.8516943277
        5.3374100125        2.5815697309
        3.5762424725        0.2425522546
        2.2778727385        0.3763663088
        0.6217186216        0.1180846472
   2  s
        1.3746899907        0.5123057239
        0.5656834502        0.4833033800
   2  s
        0.0960490419        2.0703943400
        0.0365861027        0.5906742045
   4  p
        7.0230797816        0.4773514821
        5.9751953295       -0.6805111216
        1.2425060618        0.5500505807
        0.4972693561        0.5206293973
   2  p
        0.0990309794        2.0722612115
        0.0352108858        1.5788125620
   3  d
        0.4977233147       -0.1766995365
        0.8556159785        0.3790261126
        0.3566505704        0.4638199837
   2  d
        0.1275986160        1.5672962846
        0.0487055295        0.2078204095
*
* # SG opt.
75
  5  s
        7.7960958490       -1.1079014965
        4.8216806227        2.2420723408
        3.9421896808        0.3226429890
        1.6820123744        0.5105017075
        0.6599225005        0.0934801448
   2  s
        1.4050460089        0.5720749790
        0.6772978910        0.4386396818
   2  s
        0.1002877942        2.8790341526
        0.0350566530        0.7475684398
   4  p
        7.3075518791        0.5484095660
        6.2766135258       -0.7658844258
        1.3399652785        0.5427565030
        0.5503165619        0.5671640740
   2  p
        0.1051187154        2.2837385412
        0.0364951173        2.0012428027
   3  d
        0.6001796384       -0.2964732138
        0.8855967885        0.4667836073
        0.4066100684        0.4712431139
   2  d
        0.1454914986        1.6951237176
        0.0604947156        0.2680288244
*
* # SG opt.
76
   5  s
        7.8931784424       -1.1815552193
        5.0302871047        2.2381667372
        4.3767566259        0.3334898319
        1.1865489394        0.5225268371
        0.6971721128        0.0973381472
   2  s
        1.4411951188        0.5862003933
        0.6553550211        0.4722900300
   2  s
        0.1138872732        2.7782511335
        0.0405197571        0.8453864860
   4  p
        7.7455945522        0.3463045786
        6.2125035064       -0.5684637628
        1.4656575794        0.5318834799
        0.5959579264        0.5585216738
   2  p
        0.1134606555        2.3407599263
        0.0380205527        2.0761836919
   3  d
        0.6549151689       -0.3952954103
        0.9226620870        0.4860488925
        0.4544219856        0.4577475441
   2  d
        0.1544833997        1.9536472371
        0.0588736816        0.2376857883
*
* # SG opt.
77
   5  s
        7.7960958490       -1.1079014965
        4.8216806227        2.2420723408
        3.9421896808        0.3226429890
        1.6820123744        0.5105017075
        0.6599225005        0.0934801448
   2  s
        1.4050460089        0.5720749790
        0.6772978910        0.4386396818
   2  s
        0.1002877942        2.8790341526
        0.0350566530        0.7475684398
   4  p
        7.3075518791        0.5484095660
        6.2766135258       -0.7658844258
        1.3399652785        0.5427565030
        0.5503165619        0.5671640740
   2  p
        0.1051187154        2.2837385412
        0.0364951173        2.0012428027
   3  d
        0.6001796384       -0.2964732138
        0.8855967885        0.4667836073
        0.4066100684        0.4712431139
   2  d
        0.1454914986        1.6951237176
        0.0604947156        0.2680288244
*
* # SG opt.
78
  5  s
        8.4321582880       -1.2927895988
        5.5884596287        2.3709370553
        4.8892209155        0.3115419925
        1.0438230588        0.5627622318
        0.7991873272        0.1061438165
   2  s
        1.6422807038        0.5612969310
        0.7747972245        0.6387471093
   2  s
        0.1355269488        2.4199405589
        0.0497527841        1.0901396594
   4  p
        8.0597830453        0.7298489959
        7.1652367816       -0.9544650057
        1.5556002601        0.6086328678
        0.6383917610        0.5123018489
   2  p
        0.1279942153        2.4079052109
        0.0414381381        2.2707785981
   3  d
        0.7596969343       -0.5588354024
        0.9774685852        0.3160409754
        0.6386074977        0.4180067106
   2  d
        0.1906804872        2.2293396767
        0.0632410853        0.2139291088
*
* # au modified-LANL2DZ from Ref. B7
79
   5  s
        8.7969995877       -1.3951842699
        6.0041442194        2.4758886659
        5.0459836643        0.3244309772
        1.0022457808        0.5969585908
        0.8383828229        0.1076256515
   2  s
        1.6262231633        0.5748436067
        0.7999190204        0.6423289175
   2  s
        0.1488884167        2.3251422021
        0.0549312574        1.3060724717
   4  p
        8.4233198848        0.5014922208
        7.2014957763       -0.7270396028
        1.6905128439        0.5826361178
        0.6911209143        0.5152905533
   2  p
        0.1373992616        2.4630386526
        0.0438928381        2.4289615694
   3  d
        0.7913316808       -0.5604224613
        1.0636335216        0.3402934616
        0.6565309836        0.4569443721
   2  d
        0.2055264943        2.2425495926
        0.0722544016        0.2329095058
*
* # SG opt.
80
  5  s
        9.0898331405       -1.4340641015
        6.3641267872        2.5310445440
        5.1021954244        0.3314116536
        0.9197950225        0.6057809083
        0.8614392843        0.1099331627
   2  s
        1.6250408301        0.5998620696
        0.8072697852        0.6480762751
   2  s
        0.1703418841        2.0347531348
        0.0621980887        1.5450432516
   4  p
        9.5435987558        0.2153640563
        7.0926358344       -0.4384233908
        1.7546621405        0.6037960802
        0.7195664870        0.4978306515
   2  p
        0.1406969727        2.3579195619
        0.0436559670        2.6065121968
   3  d
        0.8334836441       -0.5696278560
        1.1289397080        0.3460427647
        0.6898306975        0.4657126212
   2  d
        0.2079237610        2.5263834363
        0.0704958923        0.2010872836
*
* # SG opt.
81
   4  s   
        1.4236805566        0.4477086932
        0.9990212859       -0.8249479119
        0.1735546616        0.7069431610
        0.0659352396        0.4383449399
   2  s   
        0.4039642922       -0.1232840161
        0.1515013956        0.9934376430
   4  p   
        1.1723799375        0.0964149329
        0.8926314860       -0.1945071843
        0.1359644583        0.3218844449
        0.0566612172        0.3730053395
   2  p   
        0.3142537102        0.8177584465
        0.0240081458        1.2137356025
   1  d   
        0.1300000000        1.0000000000
*
* # SG opt.
82
   4  s   
        1.3327210299        1.0116401648
        1.1494944785       -1.4174374948
        0.2487606638        0.7969579420
        0.1321206244        0.1977974041
   2  s   
        0.3819476421       -0.3360418280
        0.0802666541        1.0065676228
   4  p   
        1.3155342123        0.1470667543
        0.9039627361       -0.3376790090
        0.1282076528        0.4934456595
        0.0593232122        0.1007747495
   2  p   
        0.3530414652        1.0019463300
        0.0438135611        1.1096199180
   1  d   
        0.1700000000        1.0000000000
*
* # SG opt.
83
   4  s   
        1.5608426102        0.0771701959
        1.0456994293       -0.4400491083
        0.2807974193        0.8444138670
        0.1944496057        0.0744862043
   2  s   
        0.4284068159       -0.3514528384
        0.1020173222        0.9733615092
   4  p   
        1.4447375414        0.3582967276
        1.1548308829       -0.5835206925
        0.2988700852        0.3672146681
        0.0498812272        0.2535846521
   2  p   
        0.1388242555        1.1298378041
        0.1019736379        0.5882245257
   1  d   
        0.1700000000        1.0000000000
*
* # SG opt.
84
   4  s   
        1.9464307449        0.3668513927
        1.3040523079       -0.8361960998
        0.3076494594        0.8810052721
        0.1851691871        0.2079178932
   2  s   
        0.3288991942       -0.3999083549
        0.1059476422        0.8524465869
   4  p   
        1.5918937158        0.1656404206
        1.1348158483       -0.3799549124
        0.2020217429        0.4705281181
        0.1163396832        0.2586617686
   2  p   
        0.4354297184        0.9032589606
        0.0603800143        1.0640982911
   1  d   
        0.2100000000        1.0000000000
*
* # SG opt.
85
   4  s   
        1.8993945826        0.5377527352
        1.3465624934       -1.0773361036
        0.3676528074        0.6489330872
        0.1835400823        0.4997700933
   2  s   
        0.3074703226       -0.0773746487
        0.0978973118        1.0142579969
   4  p   
        2.0610690681        0.0636032664
        1.2057302675       -0.2309239630
        0.3400066404        0.4464326439
        0.1466500416        0.5280841826
   2  p   
        0.0712304509        0.8992763948
        0.0545448218        1.0398919699
   1  d   
        0.2300000000        1.0000000000
*
* # (4s4p1d)/[2s2p1d] basis set for PP. from Ref 14. rn ECP78MWB
86
3 s
   1.9783250 0.6789880
   1.5140330 -1.1841590
   0.3246540 0.9210860
1 s
   0.1273660 1.0
3 p
   2.0310950 0.2320400
   1.6561220 -0.3545180
   0.2983650 0.6651200
1 p
   0.1032220 1.0
1 d
   0.2600000 1.0
*
# References:
# SG opt.: UHF optimized ground state of atom or s->p excited state for TMs or s^1/2p^1/2 state for group 1/2
# [B1] Grimme, Stefan, Andreas Hansen, Sebastian Ehlert, and Jan-Michael Mewes. J. Chem. Phys. 154, (2021) 064103.
# [14] W. Kuechle, M. Dolg, H. Stoll, H. Preuss, Mol. Phys. 74, 1245 (1991). 
