   2.7770054860  -4.9447342943  -1.0026823086   0.3300000000   4.3000000000   0.0000000000   0.0000000000   0.0000000000   0.0000000000   0.0000000000
           1
   0.7735286599   0.6114305856   1.5874945300  -0.5501396493   0.1710223541   0.4884245443   0.0000000000   0.0000000000   0.0471634525   1.5917726878
  -0.6663874210  -0.1500163061   0.1165358766   0.0000000000   0.0000000000   0.0000000000   0.0000000000   0.0000000000   0.0000000000   0.0000000000
  -0.7313168555   0.0718748908   1.8406202134   0.0000000000   0.0000000000   0.0000000000   0.0000000000   0.0000000000   0.0000000000   0.0000000000
   4.1852784110   5.1412781821   0.8786619164   1.0000000000   1.0000000000   1.0000000000   1.0000000000   1.0000000000   1.0000000000   1.0000000000
   0.3517360227   0.6407382161   4.2858748882   1.0000000000   1.0000000000   1.0000000000   1.0000000000   1.0000000000   1.0000000000   1.0000000000
   0.2047394215   0.1288023022   0.2754829626  -1.4908755434  -0.4575785853   2.7420809471   1.0012843574   0.9013897634   2.5078729941  -0.5804752018
   5.1723151212  -0.4468861018   0.0000000000   1.0000000000   1.0000000000   0.0000000000   0.0000000000   0.0000000000   0.0000000000   0.0000000000
  -0.5000000000  -0.5390101267  -0.4861138656   0.0000000000   0.0000000000   0.0000000000   0.0000000000   0.0000000000   0.0000000000   0.0000000000
  -0.0029919997   0.1241871416   0.0752011432   0.0000000000   0.0000000000   0.0000000000   0.0000000000   0.0000000000   0.0000000000   0.0000000000
  -0.2986730069   0.2043949631  -0.0823744861   0.0000000000   0.0000000000   0.0000000000   0.0000000000   0.0000000000   0.0000000000   0.0000000000
   0.1364167901  -0.2479078240   0.0000000000   0.0000000000   0.0000000000   0.0000000000   0.0000000000   0.0000000000   0.0000000000   0.0000000000
  -0.0221423129   0.0043648080   0.0123431936   0.0000000000   0.0000000000   0.0000000000   0.0000000000   0.0000000000   0.0000000000   0.0000000000
   0.0000000000   0.0000000000   0.0000000000   0.0000000000   0.0000000000   0.0000000000   0.0000000000   0.0000000000   0.0000000000   0.0000000000
           3
   0.0010000000   0.0000000000   0.0000000000   1.0500000000   0.0000000000   0.0000000000   0.0000000000   0.0000000000   0.0000000000   0.0000000000
   0.0000000000   0.0000000000   0.0000000000   0.0000000000   0.0000000000   0.0000000000   0.0000000000   0.0000000000   0.0000000000   0.0000000000
   0.0000000000   0.0000000000   0.0000000000   0.0000000000   0.0000000000   0.0000000000   0.0000000000   0.0000000000   0.0000000000   0.0000000000
   0.0000000000   0.0000000000   0.0000000000   0.0000000000   0.0000000000   0.0000000000   0.0000000000   0.0000000000   0.0000000000   0.0000000000
   0.0000000000   0.0000000000   0.0000000000   0.0000000000   0.0000000000   0.0000000000   0.0000000000   0.0000000000   0.0000000000   0.0000000000
   0.0000000000   0.0000000000   0.0000000000   0.0000000000   0.0000000000   0.0000000000   0.0000000000   0.0000000000   0.0000000000   0.0000000000
   0.0000000000   0.0000000000   0.0000000000   0.0000000000   0.0000000000   0.0000000000   0.0000000000   0.0000000000   0.0000000000   0.0000000000
   0.0000000000   0.0000000000   0.0000000000   0.0000000000   0.0000000000   0.0000000000   0.0000000000   0.0000000000   0.0000000000   0.0000000000
   0.0000000000   0.0000000000   0.0000000000   0.0000000000   0.0000000000   0.0000000000   0.0000000000   0.0000000000   0.0000000000   0.0000000000
   0.0000000000   0.0000000000   0.0000000000   0.0000000000   0.0000000000   0.0000000000   0.0000000000   0.0000000000   0.0000000000   0.0000000000
   0.0000000000   0.0000000000   0.0000000000   0.0000000000   0.0000000000   0.0000000000   0.0000000000   0.0000000000   0.0000000000   0.0000000000
   0.0000000000   0.0000000000   0.0000000000   0.0000000000   0.0000000000   0.0000000000   0.0000000000   0.0000000000   0.0000000000   0.0000000000
   0.0000000000   0.0000000000   0.0000000000   0.0000000000   0.0000000000   0.0000000000   0.0000000000   0.0000000000   0.0000000000   0.0000000000
           4
   0.0010000000   0.0000000000   0.0000000000   1.5000000000   0.0000000000   0.0000000000   0.0000000000   0.0000000000   0.0000000000   0.0000000000
   0.0000000000   0.0000000000   0.0000000000   0.0000000000   0.0000000000   0.0000000000   0.0000000000   0.0000000000   0.0000000000   0.0000000000
   0.0000000000   0.0000000000   0.0000000000   0.0000000000   0.0000000000   0.0000000000   0.0000000000   0.0000000000   0.0000000000   0.0000000000
   0.0000000000   0.0000000000   0.0000000000   0.0000000000   0.0000000000   0.0000000000   0.0000000000   0.0000000000   0.0000000000   0.0000000000
   0.0000000000   0.0000000000   0.0000000000   0.0000000000   0.0000000000   0.0000000000   0.0000000000   0.0000000000   0.0000000000   0.0000000000
   0.0000000000   0.0000000000   0.0000000000   0.0000000000   0.0000000000   0.0000000000   0.0000000000   0.0000000000   0.0000000000   0.0000000000
   0.0000000000   0.0000000000   0.0000000000   0.0000000000   0.0000000000   0.0000000000   0.0000000000   0.0000000000   0.0000000000   0.0000000000
   0.0000000000   0.0000000000   0.0000000000   0.0000000000   0.0000000000   0.0000000000   0.0000000000   0.0000000000   0.0000000000   0.0000000000
   0.0000000000   0.0000000000   0.0000000000   0.0000000000   0.0000000000   0.0000000000   0.0000000000   0.0000000000   0.0000000000   0.0000000000
   0.0000000000   0.0000000000   0.0000000000   0.0000000000   0.0000000000   0.0000000000   0.0000000000   0.0000000000   0.0000000000   0.0000000000
   0.0000000000   0.0000000000   0.0000000000   0.0000000000   0.0000000000   0.0000000000   0.0000000000   0.0000000000   0.0000000000   0.0000000000
   0.0000000000   0.0000000000   0.0000000000   0.0000000000   0.0000000000   0.0000000000   0.0000000000   0.0000000000   0.0000000000   0.0000000000
   0.0000000000   0.0000000000   0.0000000000   0.0000000000   0.0000000000   0.0000000000   0.0000000000   0.0000000000   0.0000000000   0.0000000000
           5
   0.0010000000   0.0000000000   0.0000000000   1.4500000000   0.0000000000   0.0000000000   0.0000000000   0.0000000000   0.0000000000   0.0000000000
   0.0000000000   0.0000000000   0.0000000000   0.0000000000   0.0000000000   0.0000000000   0.0000000000   0.0000000000   0.0000000000   0.0000000000
   0.0000000000   0.0000000000   0.0000000000   0.0000000000   0.0000000000   0.0000000000   0.0000000000   0.0000000000   0.0000000000   0.0000000000
   0.0000000000   0.0000000000   0.0000000000   0.0000000000   0.0000000000   0.0000000000   0.0000000000   0.0000000000   0.0000000000   0.0000000000
   0.0000000000   0.0000000000   0.0000000000   0.0000000000   0.0000000000   0.0000000000   0.0000000000   0.0000000000   0.0000000000   0.0000000000
   0.0000000000   0.0000000000   0.0000000000   0.0000000000   0.0000000000   0.0000000000   0.0000000000   0.0000000000   0.0000000000   0.0000000000
   0.0000000000   0.0000000000   0.0000000000   0.0000000000   0.0000000000   0.0000000000   0.0000000000   0.0000000000   0.0000000000   0.0000000000
   0.0000000000   0.0000000000   0.0000000000   0.0000000000   0.0000000000   0.0000000000   0.0000000000   0.0000000000   0.0000000000   0.0000000000
   0.0000000000   0.0000000000   0.0000000000   0.0000000000   0.0000000000   0.0000000000   0.0000000000   0.0000000000   0.0000000000   0.0000000000
   0.0000000000   0.0000000000   0.0000000000   0.0000000000   0.0000000000   0.0000000000   0.0000000000   0.0000000000   0.0000000000   0.0000000000
   0.0000000000   0.0000000000   0.0000000000   0.0000000000   0.0000000000   0.0000000000   0.0000000000   0.0000000000   0.0000000000   0.0000000000
   0.0000000000   0.0000000000   0.0000000000   0.0000000000   0.0000000000   0.0000000000   0.0000000000   0.0000000000   0.0000000000   0.0000000000
   0.0000000000   0.0000000000   0.0000000000   0.0000000000   0.0000000000   0.0000000000   0.0000000000   0.0000000000   0.0000000000   0.0000000000
           6
   0.7771922473   1.1648319877   2.1540326151  -1.0353896575  -0.0095833794  -0.0105634806   0.0000000000   0.0000000000   0.1819200426   2.3222931792
  -0.3830060202  -0.2187473082  -0.7126876025  -0.0296569717   0.0764639087   0.0000000000   0.0000000000   0.0000000000   0.0000000000   0.0000000000
  -1.0216074529  -1.2011412116  -0.8310392506  -0.8168978035   0.2424488260   0.0000000000   0.0000000000   1.0000000000   0.0000000000   0.0000000000
   1.5559938452   3.5275355599   1.0418361877   1.9085715882   1.0510230103   1.0000000000   1.0000000000   1.0000000000   1.0000000000   1.0000000000
   0.4315767589   0.6443816353   0.3861741708   0.5703115853   1.0204724927   1.0000000000   1.0000000000   1.0000000000   1.0000000000   1.0000000000
  -0.0423746556  -0.0792835123   0.1924047406  -0.0174279763  -0.0166117380   0.0032241441   1.4257783973   0.0161588650   1.6570310366   0.0229812784
  -0.1140529473   3.0177149372   0.0934925683  -1.2649385958   0.0000000000   0.0000000000   0.0000000000   0.0000000000   0.0000000000   0.0000000000
  -0.6213182303  -0.3457750275  -0.6080356096  -0.3785955762  -0.4166470324   0.0000000000   0.0000000000   0.0000000000   0.0000000000   0.0000000000
  -0.0146601949   0.0173821563  -0.0077490907   0.0032014386  -0.0045492810   0.0000000000   0.0000000000   0.0000000000   0.0000000000   0.0000000000
  -0.0462961766   0.1010161027  -0.1035878595   0.1032008582  -0.0196734489   0.0000000000   0.0000000000   0.0000000000   0.0000000000   0.0000000000
   0.0605126765   0.0320995616  -0.0687145547   0.0000000000   0.0000000000   0.0000000000   0.0000000000   0.0000000000   0.0000000000   0.0000000000
  -0.0421039035  -0.0106942508  -0.0357146344  -0.0144050807  -0.0192856882   0.0000000000   0.0000000000   0.0000000000   0.0000000000   0.0000000000
   0.0000000000   0.0000000000   0.0000000000   0.0000000000   0.0000000000   0.0000000000   0.0000000000   0.0000000000   0.0000000000   0.0000000000
           7
   0.3341290614   1.3571438940   0.8800150750   1.1012209892   0.8546132552   0.0341536278   4.1138833702  -1.2294198562  -1.6080833652  -0.0238796608
  -0.5465642043  -0.3476965594  -0.8025056906  -0.1152260252  -0.2433705164   0.0000000000   0.0000000000   0.0000000000   0.0000000000   0.0000000000
   1.2837756031   2.0220236470   1.2581590026   1.5007691670   0.8293677070   1.0000000000   1.0000000000   1.0000000000   1.0000000000   1.0000000000
  -0.9448086011  -0.3669183562  -0.1534615321  -0.2459255662  -0.8326456999   1.0000000000   1.0000000000   1.0000000000   1.0000000000   1.0000000000
   0.0374586152  -0.3368245163  -0.0085357846   1.6476676010  -0.0146484468   0.2271312528   0.1643326991   2.2978390410   0.0000000000   0.0000000000
  -1.1766583357  -1.3456239249  -1.5494475509  -0.9688569541  -1.5070878520   0.0000000000   0.0000000000   0.0000000000   0.0000000000   0.0000000000
   0.0000000000   0.0000000000   0.0000000000   0.0000000000   0.0000000000   0.0000000000   0.0000000000   0.0000000000   0.0000000000   0.0000000000
  -0.6176301236  -0.4919169800  -0.6360264335  -0.3988496409  -0.4454485266   0.0000000000   0.0000000000   0.0000000000   0.0000000000   0.0000000000
  -0.0415254104   0.0103756761  -0.0201561478   0.0001053156  -0.0062261958   0.0000000000   0.0000000000   0.0000000000   0.0000000000   0.0000000000
  -0.0752942726   0.0053096206  -0.0767302491   0.0651106890  -0.0708912519   0.0000000000   0.0000000000   0.0000000000   0.0000000000   0.0000000000
   0.0351637557  -0.0020658944  -0.1153949687   0.0000000000   0.0068676827   0.0000000000   0.0000000000   0.0000000000   0.0000000000   0.0000000000
  -0.0181887183   0.0125295303  -0.0462881725  -0.0093468638  -0.0729542235   0.0000000000   0.0000000000   0.0000000000   0.0000000000   0.0000000000
   0.0000000000   0.0000000000   0.0000000000   0.0000000000   0.0000000000   0.0000000000   0.0000000000   0.0000000000   0.0000000000   0.0000000000
           8
   0.3377671474   1.4402746378   0.8307550518   1.1160141142   0.7484303145  -0.0486656517   3.8543336447  -1.6630877672  -2.3436441267  -0.0305725483
  -0.5194780901  -0.3753399779  -1.0152394249  -0.1432617731  -0.3161191655   0.0000000000   0.0000000000   0.0000000000   0.0000000000   0.0000000000
   1.2158783908   2.2959070314   1.0267006715   1.1590934381   0.6558680302   1.0000000000   1.0000000000   1.0000000000   1.0000000000   1.0000000000
  -1.6747078540  -0.9632239994  -0.2571702627  -0.2668587890  -8.7473879377   1.0000000000   1.0000000000   1.0000000000   1.0000000000   1.0000000000
   0.0121093009  -0.1545688838  -0.0046033609   0.0464512347  -0.8813503850  -0.9740173501  -0.0488123178   0.1177384418   0.0000000000   0.0000000000
  -1.4137456789  -1.0133069747  -1.9156733869  -1.6926912866  -2.3921805456   0.0000000000   0.0000000000   0.0000000000   0.0000000000   0.0000000000
   0.0000000000   0.0000000000   0.0000000000   0.0000000000   0.0000000000   0.0000000000   0.0000000000   0.0000000000   0.0000000000   0.0000000000
  -0.6959991757  -0.5478477814  -0.6533829592  -0.4539650115  -0.5486594009   0.0000000000   0.0000000000   0.0000000000   0.0000000000   0.0000000000
  -0.0419699975  -0.0069923601  -0.0201385742  -0.0019276760   0.0529789068   0.0000000000   0.0000000000   0.0000000000   0.0000000000   0.0000000000
  -0.1745842243  -0.1766351956  -0.0407120075   0.0363909120   0.2160082009   0.0000000000   0.0000000000   0.0000000000   0.0000000000   0.0000000000
   0.0184184538   0.0064428358   0.3710455801   0.0000000000   0.0000000000   0.0000000000   0.0000000000   0.0000000000   0.0000000000   0.0000000000
   0.1084791038   0.1368851197  -0.0528261508  -0.0118044904  -0.0993537763   0.0000000000   0.0000000000   0.0000000000   0.0000000000   0.0000000000
   0.0000000000   0.0000000000   0.0000000000   0.0000000000   0.0000000000   0.0000000000   0.0000000000   0.0000000000   0.0000000000   0.0000000000
           9
   0.0010000000   0.0000000000   0.0000000000   1.1000000000   0.0000000000   0.0000000000   0.0000000000   0.0000000000   0.0000000000   0.0000000000
   0.0000000000   0.0000000000   0.0000000000   0.0000000000   0.0000000000   0.0000000000   0.0000000000   0.0000000000   0.0000000000   0.0000000000
   0.0000000000   0.0000000000   0.0000000000   0.0000000000   0.0000000000   0.0000000000   0.0000000000   0.0000000000   0.0000000000   0.0000000000
   0.0000000000   0.0000000000   0.0000000000   0.0000000000   0.0000000000   0.0000000000   0.0000000000   0.0000000000   0.0000000000   0.0000000000
   0.0000000000   0.0000000000   0.0000000000   0.0000000000   0.0000000000   0.0000000000   0.0000000000   0.0000000000   0.0000000000   0.0000000000
   0.0000000000   0.0000000000   0.0000000000   0.0000000000   0.0000000000   0.0000000000   0.0000000000   0.0000000000   0.0000000000   0.0000000000
   0.0000000000   0.0000000000   0.0000000000   0.0000000000   0.0000000000   0.0000000000   0.0000000000   0.0000000000   0.0000000000   0.0000000000
   0.0000000000   0.0000000000   0.0000000000   0.0000000000   0.0000000000   0.0000000000   0.0000000000   0.0000000000   0.0000000000   0.0000000000
   0.0000000000   0.0000000000   0.0000000000   0.0000000000   0.0000000000   0.0000000000   0.0000000000   0.0000000000   0.0000000000   0.0000000000
   0.0000000000   0.0000000000   0.0000000000   0.0000000000   0.0000000000   0.0000000000   0.0000000000   0.0000000000   0.0000000000   0.0000000000
   0.0000000000   0.0000000000   0.0000000000   0.0000000000   0.0000000000   0.0000000000   0.0000000000   0.0000000000   0.0000000000   0.0000000000
   0.0000000000   0.0000000000   0.0000000000   0.0000000000   0.0000000000   0.0000000000   0.0000000000   0.0000000000   0.0000000000   0.0000000000
   0.0000000000   0.0000000000   0.0000000000   0.0000000000   0.0000000000   0.0000000000   0.0000000000   0.0000000000   0.0000000000   0.0000000000
