   0.0000000001   0.0000000001   0.0000000001   0.0000000001  -0.0000000001   0.0000000001  -2.8375422973  -2.8854769083   0.6156857356   4.2919291534
   0.5193203951   0.2283693741  -0.1258084327   1.1124673574   0.1514249227  -0.0091657232   0.7850968875   0.5732489669   0.3942567228  -0.0098474268
           1
   1.4519351229   3.2249522090   0.0117513496   1.3177917848   0.7676827230   0.1093506098   2.7284421434  -0.1594048160   0.5526687976  -0.2257519195
  -0.0056779202  -0.0302505856  -0.0385010468   0.0000000000   0.0000000000   0.0000000000   0.0000000000   0.0000000000   0.0000000000   0.0000000000
  -0.3930475491  -0.2266080272  -0.3127205412   0.0000000000   0.0000000000   0.0000000000   0.0000000000   0.0000000000   0.0000000000  -0.2327629845
   0.7349498397   1.0179377196   0.9141562253   1.0000000000   1.0000000000   1.0000000000   1.0000000000   0.0000000000   0.0000000000   0.0000000000
   1.1814735886   1.0071506205   0.6895134088   1.0000000000   1.0000000000   0.0000000000   0.0000000000   0.0000000000   0.0000000000   0.0000000000
  -0.4059619704  -0.2572989449  -0.3885703486  -0.2937598883   0.1276598188   0.0369979269   0.0000000000   0.0000000000   0.0000000000   0.0000000000
   1.2485658192   0.8887812725   0.0642389108  -0.3584394873  99.0000000000   0.0000000000   0.0000000000   0.0000000000   0.0000000000   0.0000000000
  -0.1717684409  -0.2548400932  -0.2307654867   0.0000000000   0.0000000000   0.0000000000   0.0000000000   0.0000000000   0.0000000000   0.0000000000
  -0.3236592835   0.1484371511   0.0934462514   0.0000000000   0.0000000000   0.0000000000   0.0000000000   0.0000000000   0.0000000000   0.0000000000
  -0.2766839018   0.0737779599  -0.1824244271   0.0000000000   0.0000000000   0.0000000000   0.0000000000   0.0000000000   0.0000000000   0.0000000000
  -0.2143727748   0.0985857903  -0.1639390799   0.0000000000   0.0000000000   0.0000000000   0.0000000000   0.0000000000   0.0000000000   0.0000000000
   0.7411363102   1.1097303667   1.3335271508   1.0000000000   1.0000000000   0.0000000000   0.0000000000   0.0000000000   0.0000000000   0.0000000000
  -0.0101494632   1.1538779202   0.1887324918   7.1328959348   0.0000000000   0.0000000000   0.0000000000   1.0686323951   0.1000000000   0.0000000000
           3
   0.0010000000   0.0000000000   0.0000000000   1.5000000000   0.0000000000   0.0000000000   0.0000000000   0.0000000000   0.0000000000   0.0000000000
   0.0000000000   0.0000000000   0.0000000000   0.0000000000   0.0000000000   0.0000000000   0.0000000000   0.0000000000   0.0000000000   0.0000000000
   0.0000000000   0.0000000000   0.0000000000   0.0000000000   0.0000000000   0.0000000000   0.0000000000   0.0000000000   0.0000000000   0.0000000000
   0.0000000000   0.0000000000   0.0000000000   0.0000000000   0.0000000000   0.0000000000   0.0000000000   0.0000000000   0.0000000000   0.0000000000
   0.0000000000   0.0000000000   0.0000000000   0.0000000000   0.0000000000   0.0000000000   0.0000000000   0.0000000000   0.0000000000   0.0000000000
   0.0000000000   0.0000000000   0.0000000000   0.0000000000   0.0000000000   0.0000000000   0.0000000000   0.0000000000   0.0000000000   0.0000000000
   0.0000000000   0.0000000000   0.0000000000   0.0000000000   0.0000000000   0.0000000000   0.0000000000   0.0000000000   0.0000000000   0.0000000000
   0.0000000000   0.0000000000   0.0000000000   0.0000000000   0.0000000000   0.0000000000   0.0000000000   0.0000000000   0.0000000000   0.0000000000
   0.0000000000   0.0000000000   0.0000000000   0.0000000000   0.0000000000   0.0000000000   0.0000000000   0.0000000000   0.0000000000   0.0000000000
   0.0000000000   0.0000000000   0.0000000000   0.0000000000   0.0000000000   0.0000000000   0.0000000000   0.0000000000   0.0000000000   0.0000000000
   0.0000000000   0.0000000000   0.0000000000   0.0000000000   0.0000000000   0.0000000000   0.0000000000   0.0000000000   0.0000000000   0.0000000000
   0.0000000000   0.0000000000   0.0000000000   0.0000000000   0.0000000000   0.0000000000   0.0000000000   0.0000000000   0.0000000000   0.0000000000
   0.0000000000   0.0000000000   0.0000000000   0.0000000000   0.0000000000   0.0000000000   0.0000000000   0.0000000000   0.0000000000   0.0000000000
           4
   0.0010000000   0.0000000000   0.0000000000   1.5000000000   0.0000000000   0.0000000000   0.0000000000   0.0000000000   0.0000000000   0.0000000000
   0.0000000000   0.0000000000   0.0000000000   0.0000000000   0.0000000000   0.0000000000   0.0000000000   0.0000000000   0.0000000000   0.0000000000
   0.0000000000   0.0000000000   0.0000000000   0.0000000000   0.0000000000   0.0000000000   0.0000000000   0.0000000000   0.0000000000   0.0000000000
   0.0000000000   0.0000000000   0.0000000000   0.0000000000   0.0000000000   0.0000000000   0.0000000000   0.0000000000   0.0000000000   0.0000000000
   0.0000000000   0.0000000000   0.0000000000   0.0000000000   0.0000000000   0.0000000000   0.0000000000   0.0000000000   0.0000000000   0.0000000000
   0.0000000000   0.0000000000   0.0000000000   0.0000000000   0.0000000000   0.0000000000   0.0000000000   0.0000000000   0.0000000000   0.0000000000
   0.0000000000   0.0000000000   0.0000000000   0.0000000000   0.0000000000   0.0000000000   0.0000000000   0.0000000000   0.0000000000   0.0000000000
   0.0000000000   0.0000000000   0.0000000000   0.0000000000   0.0000000000   0.0000000000   0.0000000000   0.0000000000   0.0000000000   0.0000000000
   0.0000000000   0.0000000000   0.0000000000   0.0000000000   0.0000000000   0.0000000000   0.0000000000   0.0000000000   0.0000000000   0.0000000000
   0.0000000000   0.0000000000   0.0000000000   0.0000000000   0.0000000000   0.0000000000   0.0000000000   0.0000000000   0.0000000000   0.0000000000
   0.0000000000   0.0000000000   0.0000000000   0.0000000000   0.0000000000   0.0000000000   0.0000000000   0.0000000000   0.0000000000   0.0000000000
   0.0000000000   0.0000000000   0.0000000000   0.0000000000   0.0000000000   0.0000000000   0.0000000000   0.0000000000   0.0000000000   0.0000000000
   0.0000000000   0.0000000000   0.0000000000   0.0000000000   0.0000000000   0.0000000000   0.0000000000   0.0000000000   0.0000000000   0.0000000000
           5
   0.0010000000   0.0000000000   0.0000000000   0.0000000000   0.0000000000   0.0000000000   0.0000000000   0.0000000000   0.0000000000   0.0000000000
   0.0000000000   0.0000000000   0.0000000000   0.0000000000   0.0000000000   0.0000000000   0.0000000000   0.0000000000   0.0000000000   0.0000000000
   0.0000000000   0.0000000000   0.0000000000   0.0000000000   0.0000000000   0.0000000000   0.0000000000   0.0000000000   0.0000000000   0.0000000000
   0.0000000000   0.0000000000   0.0000000000   0.0000000000   0.0000000000   0.0000000000   0.0000000000   0.0000000000   0.0000000000   0.0000000000
   0.0000000000   0.0000000000   0.0000000000   0.0000000000   0.0000000000   0.0000000000   0.0000000000   0.0000000000   0.0000000000   0.0000000000
   0.0000000000   0.0000000000   0.0000000000   0.0000000000   0.0000000000   0.0000000000   0.0000000000   0.0000000000   0.0000000000   0.0000000000
   0.0000000000   0.0000000000   0.0000000000   0.0000000000   0.0000000000   0.0000000000   0.0000000000   0.0000000000   0.0000000000   0.0000000000
  -0.6774819591  -0.0883306202  -0.5471037535  -0.1272138020  -0.1605684485   0.0000000000   0.0000000000   0.0000000000   0.0000000000   0.0000000000
  -0.0039163301   0.0305927530  -0.0297428502   0.0003044428  -0.0081549924   0.0000000000   0.0000000000   0.0000000000   0.0000000000   0.0000000000
  -0.1138512311   0.0626266608  -0.1107767579   0.0168443161  -0.0137510900   0.0000000000   0.0000000000   0.0000000000   0.0000000000   0.0000000000
  -0.3640924775  -0.1453834022  -0.3115107185   0.0852743733  -0.2189130470   0.0000000000   0.0000000000   0.0000000000   0.0000000000   0.0000000000
   1.0000000000   1.0000000000   1.0000000000   1.0000000000   1.0000000000   0.0000000000   0.0000000000   0.0000000000   0.0000000000   0.0000000000
  -0.0056009611   1.4348337023   0.6962372751   0.0000000000   0.0000000000   0.0000000000   0.0000000000   0.0000000000   0.0000000000   0.0000000000
           6
   0.6044915978   1.0785242355   0.0425296222  -0.1723206117   0.8389442646   0.3998036935   2.1866947849   0.0095304194   0.5598859315   0.6636404222
  -0.1640907259  -0.0881616366  -0.1720390366  -0.0564531134  -0.2330717880   0.0000000000   0.0000000000   0.0000000000   0.0000000000   0.0000000000
  -0.2760080083  -0.2239843534  -0.3970408022  -0.2291076992  -0.2550191011   0.0000000000   0.0000000000   0.0000000000   0.0000000000   0.0739138230
   1.1206641548   0.9009742614   0.7735572605   0.9344392129   0.9156879456   1.0000000000   1.0000000000   0.0000000000   0.0000000000   0.0000000000
   1.1403850901   0.9269853685   0.9055911686   0.8982783490   0.6429164321   0.0000000000   0.0000000000   1.0000000000   0.0000000000   0.0000000000
  -4.3422575656  -0.7543043056  -0.1332027106   0.0059641366  -0.0986891767   0.2944403997   0.0000000000   0.0000000000   0.0000000000   0.0000000000
   2.6411033562   0.2901420944   0.0735494982   0.0004548962  99.0000000000   0.0000000000   0.0000000000   0.0000000000   0.0000000000   0.0000000000
  -0.4658871433  -0.1591597216  -0.6654118200  -0.2027234931  -0.1006339409   0.0000000000   0.0000000000   0.0000000000   0.0000000000   0.0000000000
  -0.0606054043   0.0212357371  -0.0739933111   0.0079202063  -0.0144801429   0.0000000000   0.0000000000   0.0000000000   0.0000000000   0.0000000000
  -0.0442331736   0.0063234434  -0.0969356747   0.0478760619   0.0073224640   0.0000000000   0.0000000000   0.0000000000   0.0000000000   0.0000000000
  -0.2731831830  -0.0859849336  -0.2590780535  -0.0734500239  -0.1339471453   0.0000000000   0.0000000000   0.0000000000   0.0000000000   0.0000000000
   1.0110108434   0.6306140890   1.1306623207   1.0820023989   0.8103321806   0.0000000000   0.0000000000   0.0000000000   0.0000000000   0.0000000000
  -0.0145230053   1.2694585754   0.5973344203   8.5601937373   4.7990608914   0.0000000000   0.0000000000   0.9670037012   0.1000000000   0.0000000000
           7
   0.3341290614   1.3571438940   0.8800150750   1.1012209892   0.8546132552   0.0341536278   4.1138833702  -1.2294198562  -1.6080833652  -0.0238796608
  -0.5465642043  -0.3476965594  -0.8025056906  -0.1152260252  -0.2433705164   0.0000000000   0.0000000000   0.0000000000   0.0000000000   0.0000000000
   1.2837756031   2.0220236470   1.2581590026   1.5007691670   0.8293677070   1.0000000000   1.0000000000   1.0000000000   1.0000000000   1.0000000000
  -0.9448086011  -0.3669183562  -0.1534615321  -0.2459255662  -0.8326456999   1.0000000000   1.0000000000   1.0000000000   1.0000000000   1.0000000000
   0.0374586152  -0.3368245163  -0.0085357846   1.6476676010  -0.0146484468   0.2271312528   0.1643326991   2.2978390410   0.0000000000   0.0000000000
  -1.1766583357  -1.3456239249  -1.5494475509  -0.9688569541  -1.5070878520   0.0000000000   0.0000000000   0.0000000000   0.0000000000   0.0000000000
   0.0000000000   0.0000000000   0.0000000000   0.0000000000   0.0000000000   0.0000000000   0.0000000000   0.0000000000   0.0000000000   0.0000000000
  -0.8551821315  -0.2635469008  -0.6368512307  -0.1328558241  -0.1224800246   0.0000000000   0.0000000000   0.0000000000   0.0000000000   0.0000000000
  -0.1467464833   0.0520110277  -0.1573194025  -0.0260570879  -0.0002001513   0.0000000000   0.0000000000   0.0000000000   0.0000000000   0.0000000000
  -0.0725302256   0.0429579103  -0.1213533135   0.0849169444   0.0228554103   0.0000000000   0.0000000000   0.0000000000   0.0000000000   0.0000000000
  -0.4424814605  -0.2255261327  -0.2268918676  -0.0925883669  -0.1948707979   0.0000000000   0.0000000000   0.0000000000   0.0000000000   0.0000000000
   1.5373265455   0.7099913469   0.8319449130   1.0440052789   0.7744252952   0.0000000000   0.0000000000   0.0000000000   0.0000000000   0.0000000000
  -0.0189088644   1.2465213399   0.5763957882   6.9226383597   5.1027888888   0.0000000000   0.0000000000   0.7073439460   0.1000000000   0.0000000000
           8
   0.3377671474   1.4402746378   0.8307550518   1.1160141142   0.7484303145  -0.0486656517   3.8543336447  -1.6630877672  -2.3436441267  -0.0305725483
  -0.5194780901  -0.3753399779  -1.0152394249  -0.1432617731  -0.3161191655   0.0000000000   0.0000000000   0.0000000000   0.0000000000   0.0000000000
   1.2158783908   2.2959070314   1.0267006715   1.1590934381   0.6558680302   1.0000000000   1.0000000000   1.0000000000   1.0000000000   1.0000000000
  -1.6747078540  -0.9632239994  -0.2571702627  -0.2668587890  -8.7473879377   1.0000000000   1.0000000000   1.0000000000   1.0000000000   1.0000000000
   0.0121093009  -0.1545688838  -0.0046033609   0.0464512347  -0.8813503850  -0.9740173501  -0.0488123178   0.1177384418   0.0000000000   0.0000000000
  -1.4137456789  -1.0133069747  -1.9156733869  -1.6926912866  -2.3921805456   0.0000000000   0.0000000000   0.0000000000   0.0000000000   0.0000000000
   0.0000000000   0.0000000000   0.0000000000   0.0000000000   0.0000000000   0.0000000000   0.0000000000   0.0000000000   0.0000000000   0.0000000000
  -1.0887887910  -0.2548659872  -0.8540508256  -0.0958323549  -0.2084349591   0.0000000000   0.0000000000   0.0000000000   0.0000000000   0.0000000000
  -0.3180737661   0.0528985775  -0.1319763477  -0.0314721811   0.0540489976   0.0000000000   0.0000000000   0.0000000000   0.0000000000   0.0000000000
  -0.0269749975   0.0280284593  -0.0954462804   0.0976348364  -0.0036931134   0.0000000000   0.0000000000   0.0000000000   0.0000000000   0.0000000000
  -0.4875465378  -0.2273382772  -0.2911399257  -0.1160910330  -0.1473277676   0.0000000000   0.0000000000   0.0000000000   0.0000000000   0.0000000000
   1.2578440628   0.6223422635   0.7787012860   1.0379658843   0.8136878396   0.0000000000   0.0000000000   0.0000000000   0.0000000000   0.0000000000
  -0.0479784374   1.3657097841   0.5534878033   6.6490521588   5.3520629456   0.0000000000  99.0000000000   0.6494747942   0.1000000000   0.0000000000
           9
   0.0010000000   0.0000000000   0.0000000000   1.1000000000   0.0000000000   0.0000000000   0.0000000000   0.0000000000   0.0000000000   0.0000000000
   0.0000000000   0.0000000000   0.0000000000   0.0000000000   0.0000000000   0.0000000000   0.0000000000   0.0000000000   0.0000000000   0.0000000000
   0.0000000000   0.0000000000   0.0000000000   0.0000000000   0.0000000000   0.0000000000   0.0000000000   0.0000000000   0.0000000000   0.0000000000
   0.0000000000   0.0000000000   0.0000000000   0.0000000000   0.0000000000   0.0000000000   0.0000000000   0.0000000000   0.0000000000   0.0000000000
   0.0000000000   0.0000000000   0.0000000000   0.0000000000   0.0000000000   0.0000000000   0.0000000000   0.0000000000   0.0000000000   0.0000000000
   0.0000000000   0.0000000000   0.0000000000   0.0000000000   0.0000000000   0.0000000000   0.0000000000   0.0000000000   0.0000000000   0.0000000000
   0.0000000000   0.0000000000   0.0000000000   0.0000000000   0.0000000000   0.0000000000   0.0000000000   0.0000000000   0.0000000000   0.0000000000
  -1.0653832062  -0.0884212622  -1.1051016914  -0.1600695480  -0.2008600245   0.0000000000   0.0000000000   0.0000000000   0.0000000000   0.0000000000
   0.0859399374   0.0925507523  -0.2903199403  -0.0388527592   0.0624027459   0.0000000000   0.0000000000   0.0000000000   0.0000000000   0.0000000000
  -0.5009100271  -0.0365774595  -0.2301584957   0.1575484421  -0.2921139799   0.0000000000   0.0000000000   0.0000000000   0.0000000000   0.0000000000
   0.0072722542   0.0164826004  -0.2463407433  -0.1107597741  -0.0483881483   0.0000000000   0.0000000000   0.0000000000   0.0000000000   0.0000000000
   1.0000000000   1.0000000000   1.0000000000   1.0000000000   1.0000000000   0.0000000000   0.0000000000   0.0000000000   0.0000000000   0.0000000000
   0.0097774151   2.9352704996   0.4751077421   0.0000000000   0.0000000000   0.0000000000   0.0000000000   0.0000000000   0.0000000000   0.0000000000
