           1   1.29626141270000     
           2   5.00000000000000     
           3   2.17649744730000     
           4  0.911903946800000     
           5   2.85226168080000     
           6   1.32643679140000     
           7   1.45956526190000     
           8   1.06630057160000     
           9   1.07225401860000     
          10   2.56814830730000     
          11  0.982592235500000     
          12  0.330591951400000     
          13   1.90622543690000     
          14   1.31597884860000     
          15  0.919312833300000     
          16   2.01654683450000     
          17  0.196111835000000     
          18  0.834816294300000     
          19   2.78347649990000     
          20  0.985570927700000     
          22   1.00000000000000     
          28   1.00000000000000     
          31   1.95693377910000     
          32  0.883930187400000     
          33   1.06140841840000     
          34   1.37908177160000     
          35 -0.270294929100000     
          36   1.39859793420000     
          37   1.98294609730000     
          38   1.79657995350000     
          49   1.59479224210000     
          50   1.15598980340000     
          51   1.37255113590000     
          52  0.767132150600000     
          53  0.308592593700000     
          54  0.897773778500000     
          55   2.12780621290000     
          56   2.69029834900000     
          81   1.77179183020000     
          82   1.85719501800000     
          83   1.83337754120000     
          84  0.738931011300000     
          85  0.724086592000000     
          86 -0.164797075800000     
